 1023 2018-04-26 17:00:02 22 0 15 0
 1023 2018-04-26 17:00:08 22 0 15 0
 58108 2018-04-26 17:00:12 22 0 15 0
 5537 2018-04-26 17:00:21 22 0 15 0
 5537 2018-04-26 17:00:23 22 0 15 0
 29110 2018-04-26 19:00:57 22 0 15 0
 29110 2018-04-26 19:01:09 22 0 15 0
 29065 2018-04-26 19:01:14 22 0 15 0
 29065 2018-04-26 19:01:16 22 0 15 0
 49266 2018-04-26 19:01:21 22 0 15 0
 49266 2018-04-26 19:01:23 22 0 15 0
 29109 2018-04-26 19:01:30 22 0 15 0
 29109 2018-04-26 19:01:32 22 0 15 0
 29235 2018-04-26 19:01:46 22 0 15 0
 29235 2018-04-26 19:01:50 22 0 15 0
 55417 2018-04-26 19:01:56 22 0 15 0
 55417 2018-04-26 19:01:58 22 0 15 0
 55417 2018-04-26 19:02:02 22 0 15 0
 49265 2018-04-26 19:02:12 22 0 15 0
 49265 2018-04-26 19:02:14 22 0 15 0
 4963 2018-04-26 19:02:18 22 0 15 0
 4963 2018-04-26 19:02:20 22 0 15 0
 55424 2018-04-26 19:02:24 22 0 15 0
 55424 2018-04-26 19:02:26 22 0 15 0
 49250 2018-04-26 19:02:36 22 1 15 0
 49250 2018-04-26 19:02:40 22 1 15 0
 55426 2018-04-26 19:02:45 22 1 15 0
 55426 2018-04-26 19:02:52 22 1 15 0
 55358 2018-04-26 19:03:00 22 1 15 0
 55358 2018-04-26 19:03:02 22 1 15 0
 4120 2018-04-26 19:03:12 22 1 15 0
 4120 2018-04-26 19:03:14 22 1 15 0
 55430 2018-04-26 19:03:31 22 1 15 0
 55430 2018-04-26 19:03:43 22 1 15 0
 49137 2018-04-26 19:03:59 22 1 15 0
 49137 2018-04-26 19:04:01 22 1 15 0
 4960 2018-04-26 19:04:06 22 1 15 0
 4960 2018-04-26 19:04:08 22 1 15 0
 55427 2018-04-26 19:04:15 22 1 15 0
 55427 2018-04-26 19:04:17 22 1 15 0
 49238 2018-04-26 19:05:52 22 1 15 0
 49238 2018-04-26 19:05:54 22 1 15 0
 4191 2018-04-26 19:06:08 22 1 15 0
 4191 2018-04-26 19:06:10 22 1 15 0
 1453 2018-04-26 19:06:14 22 1 15 0
 1453 2018-04-26 19:06:16 22 1 15 0
 55431 2018-04-26 19:06:42 22 0 15 0
 55431 2018-04-26 19:06:43 22 0 15 0
 55431 2018-04-26 19:06:45 22 0 15 0
 4130 2018-04-26 19:07:05 22 1 15 0
 4130 2018-04-26 19:07:11 22 1 15 0
 29094 2018-04-26 19:07:19 22 1 15 0
 55425 2018-04-26 19:07:35 22 1 15 0
 55425 2018-04-26 19:07:36 22 1 15 0
 4117 2018-04-26 19:07:41 22 1 15 0
 4117 2018-04-26 19:07:43 22 1 15 0
 49175 2018-04-26 19:08:20 22 1 15 0
 49175 2018-04-26 19:08:22 22 1 15 0
 55399 2018-04-26 19:08:39 22 1 15 0
 55399 2018-04-26 19:08:41 22 1 15 0
 49181 2018-04-26 19:09:17 22 1 15 0
 49181 2018-04-26 19:09:19 22 1 15 0
 49215 2018-04-26 19:14:47 22 1 15 0
 49215 2018-04-26 19:14:49 22 1 15 0
 49176 2018-04-26 19:19:35 22 1 15 0
 49176 2018-04-26 19:19:37 22 1 15 0
 4147 2018-04-26 19:19:49 22 0 15 0
 4147 2018-04-26 19:19:51 22 0 15 0
 55372 2018-04-26 19:20:20 22 0 15 0
 55372 2018-04-26 19:20:22 22 0 15 0
 55421 2018-04-26 19:20:29 22 0 15 0
 55421 2018-04-26 19:20:31 22 0 15 0
 55389 2018-04-26 19:20:44 22 0 15 0
 49130 2018-04-26 19:21:10 22 1 15 0
 49130 2018-04-26 19:21:15 22 1 15 0
 55365 2018-04-26 19:21:27 22 1 15 0
 55365 2018-04-26 19:21:29 22 1 15 0
 4994 2018-04-26 19:22:47 22 1 15 0
 4994 2018-04-26 19:22:49 22 1 15 0
 4172 2018-04-26 19:23:06 22 1 15 0
 4172 2018-04-26 19:23:08 22 1 15 0
 55423 2018-04-26 19:23:29 22 1 15 0
 55423 2018-04-26 19:23:31 22 1 15 0
 55428 2018-04-26 19:35:54 22 1 15 0
 55428 2018-04-26 19:35:58 22 1 15 0
 55428 2018-04-26 19:36:00 22 1 15 0
 55428 2018-04-26 19:36:02 22 1 15 0
 1017 2018-04-26 19:55:26 22 1 15 0
 55429 2018-04-26 19:58:28 22 0 15 0
 55416 2018-04-26 19:58:38 22 0 15 0
 55416 2018-04-26 19:58:40 22 0 15 0
 49266 2018-04-27 06:00:09 22 0 15 0
 49266 2018-04-27 06:00:11 22 0 15 0
 55417 2018-04-27 06:00:17 22 0 15 0
 55417 2018-04-27 06:00:19 22 0 15 0
 29109 2018-04-27 06:00:22 22 0 15 0
 29109 2018-04-27 06:00:24 22 0 15 0
 29109 2018-04-27 06:00:26 22 0 15 0
 29065 2018-04-27 06:00:29 22 0 15 0
 29065 2018-04-27 06:00:31 22 0 15 0
 55431 2018-04-27 06:00:54 22 0 15 0
 55431 2018-04-27 06:00:56 22 0 15 0
 55431 2018-04-27 06:00:59 22 0 15 0
 4960 2018-04-27 06:01:03 22 0 15 0
 4960 2018-04-27 06:01:05 22 0 15 0
 4994 2018-04-27 06:01:09 22 0 15 0
 4994 2018-04-27 06:01:11 22 0 15 0
 49250 2018-04-27 06:01:19 22 0 15 0
 49250 2018-04-27 06:01:21 22 0 15 0
 49181 2018-04-27 06:01:25 22 0 15 0
 49181 2018-04-27 06:01:28 22 0 15 0
 49176 2018-04-27 06:01:33 22 0 15 0
 49176 2018-04-27 06:01:35 22 0 15 0
 55399 2018-04-27 06:01:48 22 0 15 0
 55399 2018-04-27 06:01:50 22 0 15 0
 55426 2018-04-27 06:02:42 22 0 15 0
 55426 2018-04-27 06:02:52 22 0 15 0
 55427 2018-04-27 06:02:58 22 0 15 0
 55427 2018-04-27 06:03:01 22 0 15 0
 55429 2018-04-27 06:03:11 22 0 15 0
 4117 2018-04-27 06:03:23 22 0 15 0
 4117 2018-04-27 06:03:25 22 0 15 0
 55428 2018-04-27 06:03:32 22 0 15 0
 1453 2018-04-27 06:03:39 22 0 15 0
 1453 2018-04-27 06:03:41 22 0 15 0
 49238 2018-04-27 06:03:44 22 0 15 0
 49238 2018-04-27 06:03:46 22 0 15 0
 55421 2018-04-27 06:03:51 22 0 15 0
 55421 2018-04-27 06:03:53 22 0 15 0
 55389 2018-04-27 06:04:01 22 0 15 0
 55389 2018-04-27 06:04:07 22 0 15 0
 29110 2018-04-27 06:04:20 22 0 15 0
 29110 2018-04-27 06:04:23 22 0 15 0
 55424 2018-04-27 06:04:33 22 0 15 0
 55424 2018-04-27 06:04:35 22 0 15 0
 55365 2018-04-27 06:04:44 22 0 15 0
 55365 2018-04-27 06:04:46 22 0 15 0
 55430 2018-04-27 06:04:52 22 0 15 0
 55430 2018-04-27 06:04:54 22 0 15 0
 55430 2018-04-27 06:05:01 22 0 15 0
 55372 2018-04-27 06:05:22 22 0 15 0
 55372 2018-04-27 06:05:24 22 0 15 0
 29094 2018-04-27 06:05:32 22 0 15 0
 55423 2018-04-27 06:06:03 22 0 15 0
 55423 2018-04-27 06:06:05 22 0 15 0
 55423 2018-04-27 06:06:07 22 0 15 0
 4147 2018-04-27 06:06:15 22 0 15 0
 4147 2018-04-27 06:06:23 22 0 15 0
 55358 2018-04-27 06:06:30 22 0 15 0
 55358 2018-04-27 06:06:32 22 0 15 0
 49130 2018-04-27 06:07:28 22 0 15 0
 49130 2018-04-27 06:07:30 22 0 15 0
 49265 2018-04-27 06:08:00 22 0 15 0
 49265 2018-04-27 06:08:02 22 0 15 0
 4191 2018-04-27 06:09:01 22 0 15 0
 4191 2018-04-27 06:09:03 22 0 15 0
 55425 2018-04-27 06:09:57 22 0 15 0
 55425 2018-04-27 06:09:59 22 0 15 0
 49137 2018-04-27 06:10:12 22 0 15 0
 49137 2018-04-27 06:10:18 22 0 15 0
 4172 2018-04-27 06:10:31 22 0 15 0
 4172 2018-04-27 06:10:33 22 0 15 0
 49215 2018-04-27 06:12:48 22 0 15 0
 49215 2018-04-27 06:12:50 22 0 15 0
 4130 2018-04-27 06:13:34 22 0 15 0
 4130 2018-04-27 06:13:36 22 0 15 0
 49175 2018-04-27 06:15:57 22 1 15 0
 4120 2018-04-27 06:16:13 22 1 15 0
 4120 2018-04-27 06:16:15 22 1 15 0
 29235 2018-04-27 06:20:06 22 1 15 0
 29235 2018-04-27 06:20:08 22 1 15 0
 1017 2018-04-27 06:20:18 22 0 15 0
 5537 2018-04-27 07:09:16 22 0 15 0
 5537 2018-04-27 07:09:18 22 0 15 0
 1023 2018-04-27 07:09:47 22 0 15 0
 58108 2018-04-27 07:09:54 22 0 15 0
 1023 2018-04-27 17:00:06 22 0 15 0
 1023 2018-04-27 17:00:08 22 0 15 0
 58108 2018-04-27 17:00:17 22 0 15 0
 5537 2018-04-27 17:00:29 22 0 15 0
 5537 2018-04-27 17:00:31 22 0 15 0
 29235 2018-04-27 17:00:37 22 0 15 0
 29235 2018-04-27 17:00:49 22 0 15 0
 4117 2018-04-27 17:00:52 22 0 15 0
 4117 2018-04-27 17:00:54 22 0 15 0
 49181 2018-04-27 17:01:00 22 0 15 0
 49181 2018-04-27 17:01:02 22 0 15 0
 55358 2018-04-27 17:01:08 22 0 15 0
 55358 2018-04-27 17:01:10 22 0 15 0
 49175 2018-04-27 17:01:12 22 0 15 0
 49175 2018-04-27 17:01:14 22 0 15 0
 49130 2018-04-27 17:01:20 22 0 15 0
 49130 2018-04-27 17:01:22 22 0 15 0
 29110 2018-04-27 19:09:50 22 0 15 0
 29110 2018-04-27 19:09:52 22 0 15 0
 55421 2018-04-27 19:09:59 22 0 15 0
 55421 2018-04-27 19:10:01 22 0 15 0
 55389 2018-04-27 19:10:07 22 0 15 0
 55389 2018-04-27 19:10:09 22 0 15 0
 55417 2018-04-27 19:10:12 22 0 15 0
 55417 2018-04-27 19:10:14 22 0 15 0
 49266 2018-04-27 19:10:17 22 0 15 0
 49266 2018-04-27 19:10:19 22 0 15 0
 55425 2018-04-27 19:10:26 22 0 15 0
 55425 2018-04-27 19:10:28 22 0 15 0
 4191 2018-04-27 19:10:34 22 0 15 0
 4191 2018-04-27 19:10:38 22 0 15 0
 29065 2018-04-27 19:10:42 22 0 15 0
 29065 2018-04-27 19:10:44 22 0 15 0
 4960 2018-04-27 19:10:48 22 0 15 0
 4960 2018-04-27 19:10:50 22 0 15 0
 1453 2018-04-27 19:10:56 22 0 15 0
 1453 2018-04-27 19:10:59 22 0 15 0
 55365 2018-04-27 19:11:07 22 0 15 0
 55365 2018-04-27 19:11:10 22 0 15 0
 49250 2018-04-27 19:11:18 22 1 15 0
 49250 2018-04-27 19:11:20 22 1 15 0
 29109 2018-04-27 19:11:24 22 1 15 0
 29109 2018-04-27 19:11:26 22 1 15 0
 55429 2018-04-27 19:11:38 22 1 15 0
 55424 2018-04-27 19:11:55 22 1 15 0
 55424 2018-04-27 19:11:57 22 1 15 0
 55423 2018-04-27 19:12:28 22 1 15 0
 55423 2018-04-27 19:12:30 22 1 15 0
 4120 2018-04-27 19:13:21 22 1 15 0
 4120 2018-04-27 19:13:23 22 1 15 0
 55372 2018-04-27 19:13:28 22 1 15 0
 55372 2018-04-27 19:13:30 22 1 15 0
 29094 2018-04-27 19:13:45 22 1 15 0
 29094 2018-04-27 19:13:47 22 1 15 0
 55431 2018-04-27 19:14:18 22 1 15 0
 55431 2018-04-27 19:14:22 22 1 15 0
 55431 2018-04-27 19:14:24 22 1 15 0
 55426 2018-04-27 19:14:39 22 1 15 0
 55426 2018-04-27 19:14:41 22 1 15 0
 55427 2018-04-27 19:14:46 22 1 15 0
 55427 2018-04-27 19:14:48 22 1 15 0
 55399 2018-04-27 19:14:59 22 1 15 0
 55399 2018-04-27 19:15:01 22 1 15 0
 55428 2018-04-27 19:15:11 22 1 15 0
 49265 2018-04-27 19:15:35 22 2 15 0
 49265 2018-04-27 19:15:38 22 2 15 0
 49137 2018-04-27 19:17:14 22 2 15 0
 49137 2018-04-27 19:17:16 22 2 15 0
 49238 2018-04-27 19:17:19 22 2 15 0
 49238 2018-04-27 19:17:21 22 2 15 0
 49176 2018-04-27 19:18:08 22 2 15 0
 49176 2018-04-27 19:18:10 22 2 15 0
 55430 2018-04-27 19:18:25 22 2 15 0
 55430 2018-04-27 19:18:29 22 2 15 0
 55430 2018-04-27 19:18:31 22 2 15 0
 55430 2018-04-27 19:18:33 22 2 15 0
 55430 2018-04-27 19:18:35 22 2 15 0
 49215 2018-04-27 19:18:45 22 2 15 0
 49215 2018-04-27 19:18:47 22 2 15 0
 4130 2018-04-27 19:19:41 22 2 15 0
 4130 2018-04-27 19:19:43 22 2 15 0
 1017 2018-04-27 19:27:28 22 1 15 0
 4147 2018-04-27 19:28:27 22 1 15 0
 4147 2018-04-27 19:28:29 22 1 15 0
 4994 2018-04-27 19:29:30 22 1 15 0
 4994 2018-04-27 19:29:32 22 1 15 0
 4172 2018-04-27 19:29:37 22 1 15 0
 4172 2018-04-27 19:29:39 22 1 15 0
 4963 2018-04-28 06:00:05 22 0 15 0
 4963 2018-04-28 06:00:07 22 0 15 0
 29065 2018-04-28 06:00:41 22 0 15 0
 29065 2018-04-28 06:00:43 22 0 15 0
 55423 2018-04-28 06:00:48 22 0 15 0
 55423 2018-04-28 06:00:50 22 0 15 0
 55423 2018-04-28 06:00:52 22 0 15 0
 49181 2018-04-28 06:01:01 22 0 15 0
 49181 2018-04-28 06:01:03 22 0 15 0
 1453 2018-04-28 06:01:08 22 0 15 0
 1453 2018-04-28 06:01:10 22 0 15 0
 49238 2018-04-28 06:01:13 22 0 15 0
 49238 2018-04-28 06:01:15 22 0 15 0
 55424 2018-04-28 06:01:21 22 0 15 0
 55424 2018-04-28 06:01:25 22 0 15 0
 4120 2018-04-28 06:01:31 22 0 15 0
 4120 2018-04-28 06:01:33 22 0 15 0
 55426 2018-04-28 06:01:41 22 0 15 0
 55426 2018-04-28 06:01:53 22 0 15 0
 49266 2018-04-28 06:02:00 22 0 15 0
 55429 2018-04-28 06:02:12 22 0 15 0
 55429 2018-04-28 06:02:14 22 0 15 0
 4147 2018-04-28 06:02:23 22 0 15 0
 4147 2018-04-28 06:02:25 22 0 15 0
 55417 2018-04-28 06:02:33 22 0 15 0
 55417 2018-04-28 06:02:37 22 0 15 0
 49250 2018-04-28 06:02:44 22 0 15 0
 49250 2018-04-28 06:02:46 22 0 15 0
 55427 2018-04-28 06:02:53 22 0 15 0
 55427 2018-04-28 06:02:58 22 0 15 0
 55365 2018-04-28 06:03:04 22 0 15 0
 55365 2018-04-28 06:03:09 22 0 15 0
 29109 2018-04-28 06:03:12 22 0 15 0
 29109 2018-04-28 06:03:14 22 0 15 0
 4117 2018-04-28 06:04:00 22 0 15 0
 4117 2018-04-28 06:04:07 22 0 15 0
 55399 2018-04-28 06:04:56 22 0 15 0
 55399 2018-04-28 06:04:58 22 0 15 0
 4994 2018-04-28 06:05:04 22 0 15 0
 4994 2018-04-28 06:05:06 22 0 15 0
 29094 2018-04-28 06:05:15 22 0 15 0
 29094 2018-04-28 06:05:17 22 0 15 0
 29235 2018-04-28 06:05:23 22 0 15 0
 29235 2018-04-28 06:05:25 22 0 15 0
 55389 2018-04-28 06:05:32 22 0 15 0
 55389 2018-04-28 06:05:34 22 0 15 0
 49176 2018-04-28 06:05:40 22 0 15 0
 49176 2018-04-28 06:05:42 22 0 15 0
 49215 2018-04-28 06:05:46 22 0 15 0
 49215 2018-04-28 06:05:48 22 0 15 0
 55430 2018-04-28 06:05:56 22 0 15 0
 55430 2018-04-28 06:06:23 22 0 15 0
 55421 2018-04-28 06:06:36 22 0 15 0
 55421 2018-04-28 06:06:38 22 0 15 0
 29110 2018-04-28 06:07:24 22 0 15 0
 55431 2018-04-28 06:07:35 22 0 15 0
 55431 2018-04-28 06:07:37 22 0 15 0
 49265 2018-04-28 06:07:43 22 0 15 0
 49265 2018-04-28 06:08:01 22 0 15 0
 49265 2018-04-28 06:08:03 22 0 15 0
 55416 2018-04-28 06:08:07 22 0 15 0
 55416 2018-04-28 06:08:09 22 0 15 0
 49130 2018-04-28 06:08:18 22 0 15 0
 49130 2018-04-28 06:08:21 22 0 15 0
 55372 2018-04-28 06:08:26 22 0 15 0
 55372 2018-04-28 06:08:28 22 0 15 0
 49137 2018-04-28 06:08:34 22 0 15 0
 49137 2018-04-28 06:08:36 22 0 15 0
 55358 2018-04-28 06:09:13 22 0 15 0
 55358 2018-04-28 06:09:15 22 0 15 0
 55425 2018-04-28 06:09:45 22 0 15 0
 55425 2018-04-28 06:09:51 22 0 15 0
 4960 2018-04-28 06:09:58 22 0 15 0
 4960 2018-04-28 06:10:01 22 0 15 0
 4191 2018-04-28 06:10:28 22 1 15 0
 4191 2018-04-28 06:10:30 22 1 15 0
 4130 2018-04-28 06:11:03 22 1 15 0
 4130 2018-04-28 06:11:08 22 1 15 0
 4172 2018-04-28 06:13:45 22 1 15 0
 4172 2018-04-28 06:13:47 22 1 15 0
 1017 2018-04-28 06:18:54 22 0 15 0
 49175 2018-04-28 06:23:49 22 0 15 0
 49175 2018-04-28 06:23:51 22 0 15 0
 5537 2018-04-28 07:30:38 22 0 15 0
 5537 2018-04-28 07:30:40 22 0 15 0
 1023 2018-04-28 07:30:48 22 0 15 0
 1023 2018-04-28 07:30:50 22 0 15 0
 4963 2018-04-28 17:11:25 22 0 15 0
 4963 2018-04-28 17:11:27 22 0 15 0
 29065 2018-04-28 17:11:31 22 0 15 0
 29065 2018-04-28 17:11:34 22 0 15 0
 55423 2018-04-28 17:11:38 22 0 15 0
 55423 2018-04-28 17:11:40 22 0 15 0
 4147 2018-04-28 17:11:44 22 0 15 0
 4147 2018-04-28 17:11:46 22 0 15 0
 49250 2018-04-28 17:11:50 22 0 15 0
 49250 2018-04-28 17:11:55 22 0 15 0
 4120 2018-04-28 17:12:00 22 0 15 0
 4120 2018-04-28 17:12:02 22 0 15 0
 55427 2018-04-28 17:12:07 22 0 15 0
 55427 2018-04-28 17:12:09 22 0 15 0
 55426 2018-04-28 17:12:18 22 0 15 0
 55426 2018-04-28 17:12:21 22 0 15 0
 55429 2018-04-28 17:12:27 22 0 15 0
 55429 2018-04-28 17:12:29 22 0 15 0
 55421 2018-04-28 17:12:42 22 0 15 0
 55421 2018-04-28 17:12:46 22 0 15 0
 55372 2018-04-28 17:13:28 22 0 15 0
 55372 2018-04-28 17:13:30 22 0 15 0
 55372 2018-04-28 17:13:32 22 0 15 0
 55372 2018-04-28 17:13:37 22 0 15 0
 49181 2018-04-28 17:14:00 22 0 15 0
 49181 2018-04-28 17:14:02 22 0 15 0
 4130 2018-04-28 17:14:21 22 0 15 0
 4130 2018-04-28 17:14:24 22 0 15 0
 49130 2018-04-28 17:14:46 22 0 15 0
 49130 2018-04-28 17:14:48 22 0 15 0
 49265 2018-04-28 17:14:53 22 0 15 0
 49265 2018-04-28 17:14:58 22 0 15 0
 49176 2018-04-28 17:15:04 22 0 15 0
 49176 2018-04-28 17:15:08 22 0 15 0
 55424 2018-04-28 17:15:17 22 0 15 0
 55424 2018-04-28 17:15:23 22 0 15 0
 4191 2018-04-28 17:15:26 22 0 15 0
 4191 2018-04-28 17:15:30 22 0 15 0
 49215 2018-04-28 17:15:33 22 0 15 0
 55431 2018-04-28 17:15:42 22 0 15 0
 55431 2018-04-28 17:15:44 22 0 15 0
 55399 2018-04-28 17:15:53 22 0 15 0
 55399 2018-04-28 17:15:56 22 0 15 0
 1453 2018-04-28 17:16:03 22 0 15 0
 1453 2018-04-28 17:16:05 22 0 15 0
 29235 2018-04-28 17:16:14 22 0 15 0
 29235 2018-04-28 17:16:16 22 0 15 0
 55365 2018-04-28 17:16:20 22 0 15 0
 55365 2018-04-28 17:16:22 22 0 15 0
 49137 2018-04-28 17:20:30 22 0 15 0
 49137 2018-04-28 17:20:32 22 0 15 0
 4960 2018-04-28 17:20:35 22 0 15 0
 4960 2018-04-28 17:20:40 22 0 15 0
 4994 2018-04-28 17:31:00 22 0 15 0
 4994 2018-04-28 17:31:02 22 0 15 0
 55425 2018-04-28 17:31:08 22 0 15 0
 4172 2018-04-28 17:31:12 22 0 15 0
 4117 2018-04-28 17:31:29 22 0 15 0
 4117 2018-04-28 17:31:32 22 0 15 0
 55417 2018-04-28 17:37:54 22 0 15 0
 55417 2018-04-28 17:37:56 22 0 15 0
 55417 2018-04-28 17:37:58 22 0 15 0
 55417 2018-04-28 17:38:01 22 0 15 0
 55430 2018-04-28 17:38:13 22 0 15 0
 55430 2018-04-28 17:38:15 22 0 15 0
 55430 2018-04-28 17:38:17 22 0 15 0
 49266 2018-04-28 17:39:07 22 0 15 0
 49266 2018-04-28 17:39:09 22 0 15 0
 5537 2018-04-28 18:08:12 22 0 15 0
 5537 2018-04-28 18:08:14 22 0 15 0
 55416 2018-04-28 18:20:54 22 0 15 0
 55416 2018-04-28 18:20:56 22 0 15 0
 4963 2018-04-30 06:02:05 22 0 15 0
 4963 2018-04-30 06:02:07 22 0 15 0
 29065 2018-04-30 06:02:13 22 0 15 0
 29065 2018-04-30 06:02:15 22 0 15 0
 4117 2018-04-30 06:02:25 22 0 15 0
 4117 2018-04-30 06:02:27 22 0 15 0
 49265 2018-04-30 06:02:34 22 0 15 0
 49265 2018-04-30 06:02:39 22 0 15 0
 55417 2018-04-30 06:02:59 22 0 15 0
 55417 2018-04-30 06:03:01 22 0 15 0
 55426 2018-04-30 06:03:09 22 0 15 0
 55426 2018-04-30 06:03:11 22 0 15 0
 4172 2018-04-30 06:03:15 22 0 15 0
 4172 2018-04-30 06:03:17 22 0 15 0
 55431 2018-04-30 06:03:27 22 0 15 0
 55431 2018-04-30 06:03:29 22 0 15 0
 4147 2018-04-30 06:03:41 22 0 15 0
 4147 2018-04-30 06:03:43 22 0 15 0
 55399 2018-04-30 06:04:17 22 0 15 0
 55399 2018-04-30 06:04:19 22 0 15 0
 55389 2018-04-30 06:04:29 22 0 15 0
 55389 2018-04-30 06:04:31 22 0 15 0
 29094 2018-04-30 06:04:43 22 0 15 0
 29094 2018-04-30 06:04:45 22 0 15 0
 4960 2018-04-30 06:05:09 22 0 15 0
 4960 2018-04-30 06:05:19 22 0 15 0
 49266 2018-04-30 06:05:26 22 0 15 0
 49266 2018-04-30 06:05:29 22 0 15 0
 55416 2018-04-30 06:05:33 22 0 15 0
 55416 2018-04-30 06:05:35 22 0 15 0
 49181 2018-04-30 06:05:39 22 0 15 0
 49181 2018-04-30 06:05:41 22 0 15 0
 55421 2018-04-30 06:05:47 22 0 15 0
 55421 2018-04-30 06:05:49 22 0 15 0
 49176 2018-04-30 06:07:21 22 0 15 0
 49176 2018-04-30 06:07:23 22 0 15 0
 4994 2018-04-30 06:07:29 22 0 15 0
 4994 2018-04-30 06:07:31 22 0 15 0
 55425 2018-04-30 06:07:38 22 0 15 0
 55425 2018-04-30 06:07:41 22 0 15 0
 49137 2018-04-30 06:08:08 22 0 15 0
 49137 2018-04-30 06:08:10 22 0 15 0
 4120 2018-04-30 06:08:59 22 0 15 0
 4120 2018-04-30 06:09:02 22 0 15 0
 55423 2018-04-30 06:09:57 22 0 15 0
 55423 2018-04-30 06:09:59 22 0 15 0
 1453 2018-04-30 06:10:16 22 0 15 0
 1453 2018-04-30 06:10:18 22 0 15 0
 49215 2018-04-30 06:10:24 22 0 15 0
 49215 2018-04-30 06:10:26 22 0 15 0
 55372 2018-04-30 06:10:55 22 0 15 0
 55372 2018-04-30 06:10:57 22 0 15 0
 49250 2018-04-30 06:12:54 22 0 15 0
 49250 2018-04-30 06:12:58 22 0 15 0
 49130 2018-04-30 06:13:10 22 0 15 0
 49130 2018-04-30 06:13:12 22 0 15 0
 29235 2018-04-30 06:18:37 22 0 15 0
 29235 2018-04-30 06:18:39 22 0 15 0
 55430 2018-04-30 06:19:10 22 0 15 0
 55430 2018-04-30 06:19:12 22 0 15 0
 49175 2018-04-30 06:31:13 22 0 15 0
 49175 2018-04-30 06:31:15 22 0 15 0
 55424 2018-04-30 06:31:25 22 0 15 0
 55424 2018-04-30 06:31:27 22 0 15 0
 4191 2018-04-30 06:40:44 22 0 15 0
 4191 2018-04-30 06:40:46 22 0 15 0
 5537 2018-04-30 07:53:27 22 0 15 0
 5537 2018-04-30 07:53:30 22 0 15 0
 4147 2018-04-30 18:55:24 22 0 15 0
 4147 2018-04-30 18:55:26 22 0 15 0
 49250 2018-04-30 18:55:52 22 0 15 0
 55372 2018-04-30 19:00:07 22 1 15 0
 55372 2018-04-30 19:00:09 22 1 15 0
 4963 2018-04-30 19:00:20 22 1 15 0
 4963 2018-04-30 19:00:24 22 1 15 0
 55389 2018-04-30 19:00:49 22 1 15 0
 55431 2018-04-30 19:00:55 22 1 15 0
 55431 2018-04-30 19:00:57 22 1 15 0
 55426 2018-04-30 19:01:03 22 1 15 0
 55426 2018-04-30 19:01:09 22 1 15 0
 4994 2018-04-30 19:01:13 22 1 15 0
 4994 2018-04-30 19:01:15 22 1 15 0
 49176 2018-04-30 19:01:21 22 1 15 0
 49176 2018-04-30 19:01:23 22 1 15 0
 4172 2018-04-30 19:01:26 22 1 15 0
 4172 2018-04-30 19:01:28 22 1 15 0
 55424 2018-04-30 19:01:31 22 1 15 0
 55424 2018-04-30 19:01:33 22 1 15 0
 49181 2018-04-30 19:01:36 22 1 15 0
 49181 2018-04-30 19:01:41 22 1 15 0
 55417 2018-04-30 19:01:46 22 1 15 0
 55417 2018-04-30 19:01:49 22 1 15 0
 55425 2018-04-30 19:01:54 22 1 15 0
 55425 2018-04-30 19:01:56 22 1 15 0
 29065 2018-04-30 19:02:02 22 1 15 0
 29065 2018-04-30 19:02:04 22 1 15 0
 55399 2018-04-30 19:02:13 22 0 15 0
 4960 2018-04-30 19:02:22 22 0 15 0
 4960 2018-04-30 19:02:24 22 0 15 0
 55421 2018-04-30 19:02:31 22 0 15 0
 55421 2018-04-30 19:02:38 22 0 15 0
 49137 2018-04-30 19:02:43 22 0 15 0
 49137 2018-04-30 19:02:45 22 0 15 0
 1453 2018-04-30 19:02:58 22 0 15 0
 1453 2018-04-30 19:03:00 22 0 15 0
 55430 2018-04-30 19:03:33 22 0 15 0
 55430 2018-04-30 19:03:35 22 0 15 0
 55430 2018-04-30 19:03:37 22 0 15 0
 4117 2018-04-30 19:03:41 22 0 15 0
 4117 2018-04-30 19:03:43 22 0 15 0
 49266 2018-04-30 19:03:48 22 0 15 0
 49266 2018-04-30 19:03:50 22 0 15 0
 29235 2018-04-30 19:03:57 22 0 15 0
 29235 2018-04-30 19:04:02 22 0 15 0
 4120 2018-04-30 19:04:08 22 0 15 0
 4120 2018-04-30 19:04:10 22 0 15 0
 55416 2018-04-30 19:04:42 22 0 15 0
 55416 2018-04-30 19:04:44 22 0 15 0
 4191 2018-04-30 19:04:49 22 0 15 0
 4191 2018-04-30 19:04:51 22 0 15 0
 49175 2018-04-30 19:06:11 22 0 15 0
 49175 2018-04-30 19:06:16 22 1 15 0
 55423 2018-04-30 19:07:23 22 1 15 0
 55423 2018-04-30 19:07:25 22 1 15 0
 49130 2018-04-30 19:07:36 22 1 15 0
 49130 2018-04-30 19:07:38 22 1 15 0
 49215 2018-04-30 19:07:52 22 1 15 0
 49215 2018-04-30 19:07:54 22 1 15 0
 49215 2018-04-30 19:07:56 22 1 15 0
 29094 2018-04-30 19:08:03 22 1 15 0
 29094 2018-04-30 19:08:07 22 1 15 0
 49265 2018-04-30 19:09:50 22 1 15 0
 49265 2018-04-30 19:09:56 22 1 15 0
 5537 2018-04-30 19:41:28 22 1 15 0
 5537 2018-04-30 19:41:30 22 1 15 0
 29065 2018-05-02 06:00:10 22 0 15 0
 29065 2018-05-02 06:00:12 22 0 15 0
 55365 2018-05-02 06:00:17 22 0 15 0
 55365 2018-05-02 06:00:19 22 0 15 0
 49266 2018-05-02 06:00:27 22 0 15 0
 49266 2018-05-02 06:00:29 22 0 15 0
 55423 2018-05-02 06:00:42 22 0 15 0
 55423 2018-05-02 06:00:44 22 0 15 0
 55423 2018-05-02 06:00:46 22 0 15 0
 4120 2018-05-02 06:00:54 22 0 15 0
 4120 2018-05-02 06:00:56 22 0 15 0
 29235 2018-05-02 06:01:10 22 0 15 0
 29235 2018-05-02 06:01:15 22 0 15 0
 1453 2018-05-02 06:01:20 22 0 15 0
 1453 2018-05-02 06:01:26 22 0 15 0
 55426 2018-05-02 06:01:30 22 0 15 0
 55426 2018-05-02 06:01:32 22 0 15 0
 49176 2018-05-02 06:01:36 22 0 15 0
 49176 2018-05-02 06:01:38 22 0 15 0
 4172 2018-05-02 06:01:43 22 0 15 0
 4172 2018-05-02 06:01:45 22 0 15 0
 55430 2018-05-02 06:01:54 22 0 15 0
 55430 2018-05-02 06:02:00 22 0 15 0
 55430 2018-05-02 06:02:02 22 0 15 0
 55399 2018-05-02 06:02:09 22 0 15 0
 55399 2018-05-02 06:02:14 22 0 15 0
 4960 2018-05-02 06:02:19 22 0 15 0
 4960 2018-05-02 06:02:21 22 0 15 0
 55431 2018-05-02 06:02:31 22 0 15 0
 55431 2018-05-02 06:02:33 22 0 15 0
 4994 2018-05-02 06:02:40 22 2 15 0
 4994 2018-05-02 06:02:42 22 2 15 0
 55417 2018-05-02 06:02:51 22 2 15 0
 55417 2018-05-02 06:02:54 22 2 15 0
 49175 2018-05-02 06:03:23 22 2 15 0
 49175 2018-05-02 06:03:25 22 2 15 0
 55416 2018-05-02 06:03:36 22 2 15 0
 55416 2018-05-02 06:03:38 22 2 15 0
 49130 2018-05-02 06:03:42 22 2 15 0
 49130 2018-05-02 06:03:47 22 0 15 0
 49130 2018-05-02 06:03:59 22 0 15 0
 55389 2018-05-02 06:04:11 22 0 15 0
 55389 2018-05-02 06:04:15 22 0 15 0
 55421 2018-05-02 06:04:21 22 0 15 0
 55421 2018-05-02 06:04:27 22 0 15 0
 4130 2018-05-02 06:04:33 22 0 15 0
 4130 2018-05-02 06:04:35 22 0 15 0
 55372 2018-05-02 06:04:43 22 0 15 0
 55372 2018-05-02 06:04:45 22 0 15 0
 29094 2018-05-02 06:05:03 22 0 15 0
 29094 2018-05-02 06:05:05 22 0 15 0
 55424 2018-05-02 06:06:36 22 0 15 0
 55424 2018-05-02 06:06:38 22 0 15 0
 49181 2018-05-02 06:07:09 22 0 15 0
 49181 2018-05-02 06:07:11 22 0 15 0
 49137 2018-05-02 06:08:44 22 0 15 0
 49137 2018-05-02 06:08:46 22 0 15 0
 55425 2018-05-02 06:09:52 22 0 15 0
 4191 2018-05-02 06:10:06 22 0 15 0
 4191 2018-05-02 06:10:10 22 0 15 0
 4963 2018-05-02 06:11:27 22 0 15 0
 4963 2018-05-02 06:11:29 22 0 15 0
 4117 2018-05-02 06:13:28 22 0 15 0
 4117 2018-05-02 06:13:30 22 0 15 0
 49215 2018-05-02 06:21:59 22 0 15 0
 49215 2018-05-02 06:22:01 22 0 15 0
 49265 2018-05-02 06:41:06 22 0 15 0
 49265 2018-05-02 06:41:08 22 0 15 0
 5537 2018-05-02 07:22:23 22 0 15 0
 5537 2018-05-02 07:22:25 22 0 15 0
 49175 2018-05-02 20:00:11 22 0 15 0
 49175 2018-05-02 20:00:14 22 0 15 0
 4117 2018-05-02 20:00:18 22 0 15 0
 4117 2018-05-02 20:00:20 22 0 15 0
 29235 2018-05-02 20:00:26 22 0 15 0
 29235 2018-05-02 20:00:29 22 0 15 0
 49215 2018-05-02 20:00:34 22 0 15 0
 49266 2018-05-02 20:00:43 22 0 15 0
 49266 2018-05-02 20:00:45 22 0 15 0
 4120 2018-05-02 20:00:48 22 0 15 0
 4120 2018-05-02 20:00:50 22 0 15 0
 55389 2018-05-02 20:00:57 22 0 15 0
 55389 2018-05-02 20:01:05 22 0 15 0
 4191 2018-05-02 20:01:12 22 0 15 0
 4191 2018-05-02 20:01:14 22 0 15 0
 55417 2018-05-02 20:01:21 22 0 15 0
 55417 2018-05-02 20:01:23 22 0 15 0
 55365 2018-05-02 20:01:27 22 0 15 0
 55365 2018-05-02 20:01:29 22 0 15 0
 49137 2018-05-02 20:01:32 22 0 15 0
 49137 2018-05-02 20:01:34 22 0 15 0
 4994 2018-05-02 20:01:39 22 0 15 0
 4994 2018-05-02 20:01:41 22 0 15 0
 5537 2018-05-02 20:01:55 22 0 15 0
 5537 2018-05-02 20:01:57 22 0 15 0
 55372 2018-05-02 20:02:04 22 0 15 0
 55372 2018-05-02 20:02:11 22 0 15 0
 29065 2018-05-02 20:02:16 22 0 15 0
 29065 2018-05-02 20:02:18 22 0 15 0
 55424 2018-05-02 20:02:29 22 0 15 0
 55424 2018-05-02 20:02:31 22 0 15 0
 29094 2018-05-02 20:02:43 22 0 15 0
 29094 2018-05-02 20:02:45 22 0 15 0
 49181 2018-05-02 20:03:10 22 0 15 0
 49181 2018-05-02 20:03:12 22 0 15 0
 49181 2018-05-02 20:03:15 22 0 15 0
 55423 2018-05-02 20:03:39 22 0 15 0
 55423 2018-05-02 20:03:41 22 0 15 0
 1453 2018-05-02 20:04:01 22 0 15 0
 1453 2018-05-02 20:04:03 22 0 15 0
 4960 2018-05-02 20:04:17 22 0 15 0
 4960 2018-05-02 20:04:19 22 0 15 0
 55399 2018-05-02 20:04:30 22 0 15 0
 55399 2018-05-02 20:04:32 22 0 15 0
 4172 2018-05-02 20:04:55 22 0 15 0
 4172 2018-05-02 20:04:57 22 0 15 0
 4130 2018-05-02 20:06:15 22 0 15 0
 4130 2018-05-02 20:06:17 22 0 15 0
 55421 2018-05-02 20:07:38 22 0 15 0
 55421 2018-05-02 20:07:40 22 0 15 0
 55430 2018-05-02 20:07:55 22 0 15 0
 55430 2018-05-02 20:08:00 22 0 15 0
 55425 2018-05-02 20:08:06 22 0 15 0
 55425 2018-05-02 20:08:08 22 0 15 0
 4963 2018-05-02 20:08:15 22 1 15 0
 4963 2018-05-02 20:08:18 22 1 15 0
 55431 2018-05-02 20:08:25 22 1 15 0
 55431 2018-05-02 20:08:27 22 1 15 0
 49130 2018-05-02 20:10:33 22 1 15 0
 49130 2018-05-02 20:10:35 22 1 15 0
 49176 2018-05-02 20:10:38 22 1 15 0
 49176 2018-05-02 20:10:40 22 1 15 0
 55426 2018-05-02 20:10:45 22 1 15 0
 55426 2018-05-02 20:10:47 22 1 15 0
 49265 2018-05-02 20:10:53 22 1 15 0
 49265 2018-05-02 20:10:56 22 1 15 0
 4963 2018-05-03 06:01:03 22 0 15 0
 4963 2018-05-03 06:01:06 22 0 15 0
 4120 2018-05-03 06:01:12 22 0 15 0
 4120 2018-05-03 06:01:14 22 0 15 0
 55365 2018-05-03 06:01:18 22 0 15 0
 55365 2018-05-03 06:01:20 22 0 15 0
 49266 2018-05-03 06:01:25 22 0 15 0
 49266 2018-05-03 06:01:27 22 0 15 0
 4130 2018-05-03 06:01:31 22 0 15 0
 4130 2018-05-03 06:01:34 22 0 15 0
 55417 2018-05-03 06:01:39 22 0 15 0
 55417 2018-05-03 06:01:41 22 0 15 0
 29094 2018-05-03 06:01:48 22 0 15 0
 55426 2018-05-03 06:01:54 22 0 15 0
 55426 2018-05-03 06:01:56 22 0 15 0
 49181 2018-05-03 06:02:08 22 0 15 0
 49181 2018-05-03 06:02:10 22 0 15 0
 55389 2018-05-03 06:02:16 22 0 15 0
 55389 2018-05-03 06:02:18 22 0 15 0
 55430 2018-05-03 06:02:32 22 0 15 0
 55430 2018-05-03 06:02:34 22 0 15 0
 4117 2018-05-03 06:02:41 22 0 15 0
 4117 2018-05-03 06:02:42 22 0 15 0
 1453 2018-05-03 06:02:51 22 0 15 0
 1453 2018-05-03 06:02:53 22 0 15 0
 49176 2018-05-03 06:02:57 22 0 15 0
 49176 2018-05-03 06:02:59 22 0 15 0
 4960 2018-05-03 06:03:02 22 0 15 0
 4960 2018-05-03 06:03:06 22 0 15 0
 55399 2018-05-03 06:03:24 22 0 15 0
 55399 2018-05-03 06:03:27 22 0 15 0
 55421 2018-05-03 06:03:34 22 2 15 0
 55421 2018-05-03 06:03:39 22 2 15 0
 55425 2018-05-03 06:03:49 22 2 15 0
 49265 2018-05-03 06:04:10 22 2 15 0
 49265 2018-05-03 06:04:12 22 2 15 0
 4994 2018-05-03 06:04:24 22 2 15 0
 4994 2018-05-03 06:04:26 22 2 15 0
 4191 2018-05-03 06:04:36 22 2 15 0
 4191 2018-05-03 06:04:38 22 2 15 0
 4172 2018-05-03 06:04:47 22 2 15 0
 4172 2018-05-03 06:04:49 22 2 15 0
 55424 2018-05-03 06:04:54 22 2 15 0
 55424 2018-05-03 06:04:56 22 2 15 0
 55423 2018-05-03 06:05:38 22 2 15 0
 55423 2018-05-03 06:05:45 22 2 15 0
 55423 2018-05-03 06:05:47 22 2 15 0
 55416 2018-05-03 06:06:01 22 2 15 0
 55416 2018-05-03 06:06:04 22 2 15 0
 55372 2018-05-03 06:07:14 22 2 15 0
 55372 2018-05-03 06:07:17 22 2 15 0
 55372 2018-05-03 06:07:19 22 2 15 0
 49130 2018-05-03 06:07:28 22 2 15 0
 49130 2018-05-03 06:07:30 22 2 15 0
 49137 2018-05-03 06:07:54 22 2 15 0
 49137 2018-05-03 06:07:57 22 2 15 0
 49175 2018-05-03 06:09:16 22 2 15 0
 49175 2018-05-03 06:09:18 22 2 15 0
 55431 2018-05-03 06:10:48 22 2 15 0
 55431 2018-05-03 06:10:50 22 2 15 0
 49215 2018-05-03 06:10:54 22 2 15 0
 49215 2018-05-03 06:10:56 22 2 15 0
 29065 2018-05-03 06:15:08 22 2 15 0
 29065 2018-05-03 06:15:10 22 2 15 0
 29065 2018-05-03 06:15:12 22 2 15 0
 29235 2018-05-03 06:16:39 22 2 15 0
 29235 2018-05-03 06:16:53 22 2 15 0
 5537 2018-05-03 07:18:44 22 0 15 0
 5537 2018-05-03 07:18:46 22 0 15 0
 49250 2018-05-03 07:19:27 22 0 15 0
 49250 2018-05-03 07:19:33 22 0 15 0
 4147 2018-05-03 07:20:00 22 0 15 0
 4147 2018-05-03 07:20:02 22 0 15 0
 58108 2018-05-03 07:32:36 22 0 15 0
 58108 2018-05-03 07:32:38 22 0 15 0
 1028 2018-05-03 08:38:43 22 0 2 0
 1028 2018-05-03 13:32:49 22 0 2 0
 55423 2018-05-03 19:00:18 22 0 15 0
 55423 2018-05-03 19:00:20 22 0 15 0
 55365 2018-05-03 19:00:24 22 0 15 0
 55365 2018-05-03 19:00:26 22 0 15 0
 49265 2018-05-03 19:00:29 22 0 15 0
 4117 2018-05-03 19:00:42 22 1 15 0
 4117 2018-05-03 19:00:44 22 1 15 0
 49266 2018-05-03 19:00:49 22 1 15 0
 49266 2018-05-03 19:00:51 22 1 15 0
 49181 2018-05-03 19:00:55 22 1 15 0
 49181 2018-05-03 19:00:57 22 1 15 0
 55424 2018-05-03 19:01:01 22 1 15 0
 55424 2018-05-03 19:01:05 22 1 15 0
 49250 2018-05-03 19:01:13 22 1 15 0
 49250 2018-05-03 19:01:16 22 1 15 0
 4147 2018-05-03 19:01:20 22 1 15 0
 4147 2018-05-03 19:01:22 22 1 15 0
 49137 2018-05-03 19:01:26 22 1 15 0
 49137 2018-05-03 19:01:28 22 1 15 0
 55417 2018-05-03 19:01:32 22 1 15 0
 55417 2018-05-03 19:01:34 22 1 15 0
 55426 2018-05-03 19:01:38 22 1 15 0
 55426 2018-05-03 19:01:40 22 1 15 0
 4172 2018-05-03 19:01:46 22 1 15 0
 4172 2018-05-03 19:01:48 22 1 15 0
 4120 2018-05-03 19:01:53 22 1 15 0
 4120 2018-05-03 19:01:55 22 1 15 0
 55431 2018-05-03 19:02:08 22 1 15 0
 55431 2018-05-03 19:02:10 22 1 15 0
 49176 2018-05-03 19:02:25 22 1 15 0
 49176 2018-05-03 19:02:27 22 1 15 0
 4191 2018-05-03 19:02:34 22 1 15 0
 4191 2018-05-03 19:02:36 22 1 15 0
 55372 2018-05-03 19:02:44 22 1 15 0
 55372 2018-05-03 19:02:51 22 1 15 0
 1453 2018-05-03 19:03:05 22 1 15 0
 1453 2018-05-03 19:03:07 22 1 15 0
 4130 2018-05-03 19:03:15 22 1 15 0
 4130 2018-05-03 19:03:17 22 1 15 0
 55421 2018-05-03 19:03:34 22 1 15 0
 55421 2018-05-03 19:03:39 22 1 15 0
 29094 2018-05-03 19:03:46 22 1 15 0
 29094 2018-05-03 19:03:48 22 1 15 0
 58108 2018-05-03 19:04:04 22 1 15 0
 5537 2018-05-03 19:04:16 22 1 15 0
 5537 2018-05-03 19:04:18 22 1 15 0
 4994 2018-05-03 19:04:23 22 1 15 0
 4994 2018-05-03 19:04:27 22 1 15 0
 55399 2018-05-03 19:04:33 22 2 15 0
 55399 2018-05-03 19:04:40 22 2 15 0
 29235 2018-05-03 19:04:48 22 2 15 0
 29235 2018-05-03 19:04:52 22 2 15 0
 55425 2018-05-03 19:05:42 22 2 15 0
 49130 2018-05-03 19:05:59 22 1 15 0
 49130 2018-05-03 19:06:01 22 1 15 0
 55430 2018-05-03 19:06:08 22 1 15 0
 55430 2018-05-03 19:06:10 22 1 15 0
 55430 2018-05-03 19:06:12 22 1 15 0
 4963 2018-05-03 19:06:15 22 1 15 0
 4963 2018-05-03 19:06:17 22 1 15 0
 4960 2018-05-03 19:06:41 22 1 15 0
 4960 2018-05-03 19:06:43 22 1 15 0
 55416 2018-05-03 19:09:17 22 1 15 0
 55416 2018-05-03 19:09:19 22 1 15 0
 49215 2018-05-03 19:20:14 22 1 15 0
 49215 2018-05-03 19:20:18 22 1 15 0
 29065 2018-05-03 19:20:30 22 1 15 0
 29065 2018-05-03 19:20:32 22 1 15 0
 4963 2018-05-04 06:00:08 22 0 15 0
 4963 2018-05-04 06:00:10 22 0 15 0
 29065 2018-05-04 06:00:14 22 0 15 0
 29065 2018-05-04 06:00:16 22 0 15 0
 4120 2018-05-04 06:00:24 22 0 15 0
 4120 2018-05-04 06:00:26 22 0 15 0
 49181 2018-05-04 06:00:33 22 0 15 0
 49181 2018-05-04 06:00:35 22 0 15 0
 4960 2018-05-04 06:00:39 22 0 15 0
 4960 2018-05-04 06:00:41 22 0 15 0
 55417 2018-05-04 06:00:49 22 0 15 0
 55417 2018-05-04 06:00:51 22 0 15 0
 55423 2018-05-04 06:00:58 22 0 15 0
 55423 2018-05-04 06:01:00 22 0 15 0
 49250 2018-05-04 06:01:06 22 0 15 0
 49250 2018-05-04 06:01:08 22 0 15 0
 55421 2018-05-04 06:01:14 22 0 15 0
 55421 2018-05-04 06:01:16 22 0 15 0
 55431 2018-05-04 06:01:22 22 0 15 0
 55431 2018-05-04 06:01:24 22 0 15 0
 55399 2018-05-04 06:01:33 22 1 15 0
 55399 2018-05-04 06:01:35 22 1 15 0
 55426 2018-05-04 06:01:39 22 1 15 0
 55426 2018-05-04 06:01:41 22 1 15 0
 49176 2018-05-04 06:01:43 22 1 15 0
 49176 2018-05-04 06:01:45 22 1 15 0
 55416 2018-05-04 06:02:09 22 1 15 0
 55416 2018-05-04 06:02:13 22 1 15 0
 49130 2018-05-04 06:03:50 22 1 15 0
 49130 2018-05-04 06:03:52 22 1 15 0
 4172 2018-05-04 06:03:55 22 1 15 0
 55424 2018-05-04 06:04:02 22 1 15 0
 55424 2018-05-04 06:04:04 22 1 15 0
 4994 2018-05-04 06:04:37 22 1 15 0
 4994 2018-05-04 06:04:39 22 1 15 0
 4994 2018-05-04 06:04:41 22 1 15 0
 4130 2018-05-04 06:04:46 22 1 15 0
 4130 2018-05-04 06:04:48 22 1 15 0
 55365 2018-05-04 06:05:03 22 1 15 0
 55365 2018-05-04 06:05:05 22 1 15 0
 49265 2018-05-04 06:05:12 22 1 15 0
 49265 2018-05-04 06:05:14 22 1 15 0
 29094 2018-05-04 06:05:51 22 1 15 0
 29094 2018-05-04 06:05:53 22 1 15 0
 1453 2018-05-04 06:06:00 22 1 15 0
 1453 2018-05-04 06:06:02 22 1 15 0
 49137 2018-05-04 06:06:47 22 1 15 0
 49137 2018-05-04 06:06:49 22 1 15 0
 4147 2018-05-04 06:08:39 22 1 15 0
 4147 2018-05-04 06:08:41 22 1 15 0
 4117 2018-05-04 06:10:46 22 0 15 0
 4117 2018-05-04 06:10:48 22 0 15 0
 55425 2018-05-04 06:11:04 22 0 15 0
 29235 2018-05-04 06:11:31 22 2 15 0
 29235 2018-05-04 06:11:48 22 2 15 0
 55372 2018-05-04 06:14:06 22 2 15 0
 4191 2018-05-04 06:15:27 22 2 15 0
 4191 2018-05-04 06:15:29 22 2 15 0
 55430 2018-05-04 06:16:32 22 2 15 0
 55430 2018-05-04 06:16:47 22 2 15 0
 49215 2018-05-04 06:17:32 22 2 15 0
 49215 2018-05-04 06:17:34 22 2 15 0
 5537 2018-05-04 07:20:39 22 0 15 0
 5537 2018-05-04 07:20:41 22 0 15 0
 58108 2018-05-04 07:29:07 22 0 15 0
 58108 2018-05-04 07:29:09 22 0 15 0
 58108 2018-05-04 19:00:07 22 0 15 0
 4117 2018-05-04 19:00:12 22 0 15 0
 4117 2018-05-04 19:00:14 22 0 15 0
 5537 2018-05-04 19:00:24 22 0 15 0
 5537 2018-05-04 19:00:26 22 0 15 0
 29065 2018-05-04 19:00:30 22 0 15 0
 29065 2018-05-04 19:00:32 22 0 15 0
 55426 2018-05-04 19:00:37 22 0 15 0
 55426 2018-05-04 19:00:47 22 0 15 0
 49176 2018-05-04 19:00:51 22 0 15 0
 49176 2018-05-04 19:00:53 22 0 15 0
 55431 2018-05-04 19:00:56 22 0 15 0
 55431 2018-05-04 19:00:58 22 0 15 0
 55431 2018-05-04 19:01:00 22 0 15 0
 55417 2018-05-04 19:01:04 22 0 15 0
 55417 2018-05-04 19:01:07 22 0 15 0
 55399 2018-05-04 19:01:12 22 0 15 0
 55399 2018-05-04 19:01:25 22 0 15 0
 29235 2018-05-04 19:01:33 22 0 15 0
 29235 2018-05-04 19:01:35 22 0 15 0
 4172 2018-05-04 19:01:40 22 0 15 0
 49265 2018-05-04 19:02:03 22 0 15 0
 49265 2018-05-04 19:02:05 22 0 15 0
 55425 2018-05-04 19:02:15 22 0 15 0
 49250 2018-05-04 19:02:42 22 1 15 0
 49250 2018-05-04 19:02:44 22 1 15 0
 4963 2018-05-04 19:03:10 22 1 15 0
 4963 2018-05-04 19:03:12 22 1 15 0
 4130 2018-05-04 19:03:57 22 1 15 0
 4130 2018-05-04 19:03:59 22 1 15 0
 55416 2018-05-04 19:04:11 22 1 15 0
 55416 2018-05-04 19:04:13 22 1 15 0
 29103 2018-05-04 19:04:46 22 1 15 0
 4960 2018-05-04 19:04:51 22 1 15 0
 4960 2018-05-04 19:04:53 22 1 15 0
 1453 2018-05-04 19:04:59 22 1 15 0
 1453 2018-05-04 19:05:01 22 1 15 0
 55424 2018-05-04 19:05:06 22 1 15 0
 55424 2018-05-04 19:05:08 22 1 15 0
 4191 2018-05-04 19:05:15 22 1 15 0
 4191 2018-05-04 19:05:17 22 1 15 0
 55421 2018-05-04 19:05:22 22 1 15 0
 55421 2018-05-04 19:05:24 22 1 15 0
 4994 2018-05-04 19:05:32 22 1 15 0
 4994 2018-05-04 19:05:34 22 1 15 0
 49130 2018-05-04 19:07:09 22 1 15 0
 49130 2018-05-04 19:07:11 22 1 15 0
 49215 2018-05-04 19:07:38 22 1 15 0
 49215 2018-05-04 19:07:40 22 1 15 0
 55430 2018-05-04 19:07:44 22 1 15 0
 55430 2018-05-04 19:07:47 22 1 15 0
 49137 2018-05-04 19:07:55 22 1 15 0
 49137 2018-05-04 19:07:57 22 1 15 0
 55423 2018-05-04 19:09:31 22 1 15 0
 55423 2018-05-04 19:09:33 22 1 15 0
 55365 2018-05-04 19:09:38 22 1 15 0
 55365 2018-05-04 19:09:40 22 1 15 0
 49181 2018-05-04 19:09:48 22 1 15 0
 49181 2018-05-04 19:09:50 22 1 15 0
 55372 2018-05-04 19:09:56 22 1 15 0
 55372 2018-05-04 19:09:58 22 1 15 0
 4120 2018-05-04 19:10:31 22 1 15 0
 4120 2018-05-04 19:10:33 22 1 15 0
 4147 2018-05-04 19:10:47 22 1 15 0
 4147 2018-05-04 19:10:49 22 1 15 0
 29094 2018-05-04 19:12:46 22 1 15 0
 29094 2018-05-04 19:12:50 22 1 15 0
 1017 2018-05-04 20:19:44 22 1 15 0
 1017 2018-05-05 05:52:32 22 0 15 0
 55365 2018-05-05 06:00:12 22 0 15 0
 55365 2018-05-05 06:00:14 22 0 15 0
 49266 2018-05-05 06:00:21 22 0 15 0
 49266 2018-05-05 06:00:23 22 0 15 0
 4117 2018-05-05 06:00:30 22 0 15 0
 4117 2018-05-05 06:00:32 22 0 15 0
 29065 2018-05-05 06:00:36 22 0 15 0
 29065 2018-05-05 06:00:38 22 0 15 0
 49250 2018-05-05 06:00:46 22 0 15 0
 49250 2018-05-05 06:00:48 22 0 15 0
 55417 2018-05-05 06:00:53 22 0 15 0
 55417 2018-05-05 06:00:55 22 0 15 0
 4120 2018-05-05 06:00:59 22 0 15 0
 4120 2018-05-05 06:01:01 22 0 15 0
 55423 2018-05-05 06:01:10 22 0 15 0
 55423 2018-05-05 06:01:12 22 0 15 0
 49181 2018-05-05 06:01:55 22 0 15 0
 49181 2018-05-05 06:01:58 22 0 15 0
 4994 2018-05-05 06:02:05 22 0 15 0
 4994 2018-05-05 06:02:08 22 0 15 0
 29103 2018-05-05 06:02:29 22 0 15 0
 29103 2018-05-05 06:02:31 22 0 15 0
 4147 2018-05-05 06:02:38 22 0 15 0
 4147 2018-05-05 06:02:40 22 0 15 0
 49176 2018-05-05 06:02:46 22 0 15 0
 49176 2018-05-05 06:02:48 22 0 15 0
 55426 2018-05-05 06:02:59 22 0 15 0
 55426 2018-05-05 06:03:06 22 0 15 0
 55424 2018-05-05 06:03:43 22 0 15 0
 55424 2018-05-05 06:03:45 22 0 15 0
 4172 2018-05-05 06:03:51 22 0 15 0
 4172 2018-05-05 06:03:53 22 0 15 0
 55416 2018-05-05 06:03:59 22 0 15 0
 55416 2018-05-05 06:04:01 22 0 15 0
 29094 2018-05-05 06:04:11 22 0 15 0
 29094 2018-05-05 06:04:14 22 0 15 0
 4960 2018-05-05 06:04:20 22 0 15 0
 4960 2018-05-05 06:04:22 22 0 15 0
 4963 2018-05-05 06:04:28 22 0 15 0
 4963 2018-05-05 06:04:30 22 0 15 0
 55431 2018-05-05 06:05:01 22 0 15 0
 55431 2018-05-05 06:05:03 22 0 15 0
 4191 2018-05-05 06:05:30 22 0 15 0
 4191 2018-05-05 06:05:32 22 0 15 0
 55430 2018-05-05 06:05:44 22 0 15 0
 55430 2018-05-05 06:05:46 22 0 15 0
 55430 2018-05-05 06:05:48 22 0 15 0
 49265 2018-05-05 06:06:04 22 0 15 0
 49265 2018-05-05 06:06:08 22 0 15 0
 55421 2018-05-05 06:06:21 22 0 15 0
 55421 2018-05-05 06:06:23 22 0 15 0
 29235 2018-05-05 06:07:00 22 0 15 0
 29235 2018-05-05 06:07:02 22 0 15 0
 55372 2018-05-05 06:07:12 22 0 15 0
 55372 2018-05-05 06:07:14 22 0 15 0
 1453 2018-05-05 06:07:19 22 0 15 0
 1453 2018-05-05 06:07:21 22 0 15 0
 49130 2018-05-05 06:07:38 22 0 15 0
 49130 2018-05-05 06:07:40 22 0 15 0
 4130 2018-05-05 06:07:57 22 0 15 0
 4130 2018-05-05 06:07:59 22 0 15 0
 49137 2018-05-05 06:08:48 22 0 15 0
 49137 2018-05-05 06:08:50 22 0 15 0
 49215 2018-05-05 06:09:27 22 0 15 0
 49215 2018-05-05 06:09:29 22 0 15 0
 55425 2018-05-05 06:09:39 22 0 15 0
 55425 2018-05-05 06:09:41 22 0 15 0
 55399 2018-05-05 06:11:07 22 0 15 0
 55399 2018-05-05 06:11:11 22 0 15 0
 5537 2018-05-05 07:06:53 22 0 15 0
 5537 2018-05-05 07:06:56 22 0 15 0
 58108 2018-05-05 07:07:00 22 0 15 0
 58108 2018-05-05 07:07:03 22 0 15 0
 4191 2018-05-05 17:54:56 22 0 15 0
 49130 2018-05-05 17:55:14 22 0 15 0
 49130 2018-05-05 17:55:16 22 0 15 0
 49181 2018-05-05 17:55:19 22 0 15 0
 49181 2018-05-05 17:55:21 22 0 15 0
 29065 2018-05-05 17:55:26 22 0 15 0
 29065 2018-05-05 17:55:28 22 0 15 0
 4963 2018-05-05 17:55:33 22 0 15 0
 4963 2018-05-05 17:55:35 22 0 15 0
 49176 2018-05-05 17:55:38 22 0 15 0
 49176 2018-05-05 17:55:40 22 0 15 0
 55426 2018-05-05 17:55:45 22 0 15 0
 55426 2018-05-05 17:55:47 22 0 15 0
 55421 2018-05-05 17:55:50 22 0 15 0
 4147 2018-05-05 17:56:07 22 0 15 0
 4147 2018-05-05 17:56:09 22 0 15 0
 55372 2018-05-05 17:56:14 22 0 15 0
 55372 2018-05-05 17:56:16 22 0 15 0
 4117 2018-05-05 17:56:24 22 0 15 0
 4117 2018-05-05 17:56:26 22 0 15 0
 49250 2018-05-05 17:56:36 22 1 15 0
 49250 2018-05-05 17:56:38 22 1 15 0
 55416 2018-05-05 17:56:41 22 1 15 0
 55416 2018-05-05 17:56:43 22 1 15 0
 55365 2018-05-05 17:56:46 22 1 15 0
 55365 2018-05-05 17:56:48 22 1 15 0
 29235 2018-05-05 17:56:50 22 1 15 0
 29235 2018-05-05 17:56:52 22 1 15 0
 49265 2018-05-05 17:56:57 22 1 15 0
 49265 2018-05-05 17:57:06 22 1 15 0
 55424 2018-05-05 17:57:16 22 1 15 0
 55424 2018-05-05 17:57:18 22 1 15 0
 49215 2018-05-05 17:57:22 22 1 15 0
 49215 2018-05-05 17:57:24 22 1 15 0
 58108 2018-05-05 17:57:34 22 1 15 0
 58108 2018-05-05 17:57:36 22 1 15 0
 5537 2018-05-05 17:57:58 22 1 15 0
 5537 2018-05-05 17:58:01 22 1 15 0
 55423 2018-05-05 17:58:08 22 1 15 0
 55423 2018-05-05 17:58:09 22 1 15 0
 55423 2018-05-05 17:58:11 22 1 15 0
 4120 2018-05-05 17:58:32 22 1 15 0
 4120 2018-05-05 17:58:34 22 1 15 0
 4130 2018-05-05 17:58:41 22 1 15 0
 4130 2018-05-05 17:58:43 22 1 15 0
 4960 2018-05-05 17:58:59 22 1 15 0
 4960 2018-05-05 17:59:01 22 1 15 0
 29094 2018-05-05 17:59:13 22 1 15 0
 29094 2018-05-05 17:59:15 22 1 15 0
 49266 2018-05-05 17:59:33 22 1 15 0
 49266 2018-05-05 17:59:35 22 1 15 0
 1453 2018-05-05 18:00:00 22 1 15 0
 1453 2018-05-05 18:00:06 22 1 15 0
 49137 2018-05-05 18:03:30 22 1 15 0
 49137 2018-05-05 18:03:32 22 1 15 0
 4994 2018-05-05 18:03:38 22 1 15 0
 4994 2018-05-05 18:03:40 22 1 15 0
 55399 2018-05-05 18:03:49 22 1 15 0
 55399 2018-05-05 18:04:04 22 1 15 0
 4172 2018-05-05 18:31:40 22 1 15 0
 4172 2018-05-05 18:31:42 22 1 15 0
 55430 2018-05-05 19:08:30 22 0 15 0
 55430 2018-05-05 19:08:32 22 0 15 0
 55430 2018-05-05 19:08:34 22 0 15 0
 55430 2018-05-05 19:08:37 22 0 15 0
 55430 2018-05-05 19:08:38 22 0 15 0
 55425 2018-05-05 19:10:03 22 0 15 0
 55425 2018-05-05 19:10:05 22 0 15 0
 55423 2018-05-07 06:00:03 22 0 15 0
 55423 2018-05-07 06:00:05 22 0 15 0
 55365 2018-05-07 06:00:10 22 0 15 0
 55365 2018-05-07 06:00:12 22 0 15 0
 29235 2018-05-07 06:00:40 22 0 15 0
 29235 2018-05-07 06:00:44 22 0 15 0
 29094 2018-05-07 06:01:17 22 0 15 0
 29094 2018-05-07 06:01:19 22 0 15 0
 4191 2018-05-07 06:01:28 22 0 15 0
 4191 2018-05-07 06:01:31 22 0 15 0
 4130 2018-05-07 06:01:35 22 0 15 0
 4130 2018-05-07 06:01:38 22 0 15 0
 4147 2018-05-07 06:01:44 22 0 15 0
 4147 2018-05-07 06:01:46 22 0 15 0
 1453 2018-05-07 06:01:55 22 0 15 0
 1453 2018-05-07 06:01:59 22 0 15 0
 4120 2018-05-07 06:02:18 22 0 15 0
 4120 2018-05-07 06:02:20 22 0 15 0
 55424 2018-05-07 06:02:31 22 0 15 0
 55424 2018-05-07 06:02:34 22 0 15 0
 49137 2018-05-07 06:04:05 22 0 15 0
 49137 2018-05-07 06:04:07 22 0 15 0
 49181 2018-05-07 06:04:13 22 0 15 0
 49181 2018-05-07 06:04:15 22 0 15 0
 49266 2018-05-07 06:04:20 22 0 15 0
 55430 2018-05-07 06:04:53 22 0 15 0
 55430 2018-05-07 06:04:56 22 0 15 0
 55426 2018-05-07 06:05:02 22 0 15 0
 55426 2018-05-07 06:05:04 22 0 15 0
 29065 2018-05-07 06:05:08 22 0 15 0
 29065 2018-05-07 06:05:10 22 0 15 0
 55425 2018-05-07 06:05:14 22 0 15 0
 55425 2018-05-07 06:05:17 22 0 15 0
 49130 2018-05-07 06:05:44 22 0 15 0
 49130 2018-05-07 06:05:46 22 0 15 0
 4963 2018-05-07 06:06:12 22 0 15 0
 4963 2018-05-07 06:06:14 22 0 15 0
 55399 2018-05-07 06:08:02 22 0 15 0
 55399 2018-05-07 06:08:04 22 0 15 0
 49250 2018-05-07 06:08:22 22 0 15 0
 49250 2018-05-07 06:08:24 22 0 15 0
 49176 2018-05-07 06:08:45 22 0 15 0
 49176 2018-05-07 06:08:47 22 0 15 0
 55421 2018-05-07 06:09:41 22 0 15 0
 55421 2018-05-07 06:09:46 22 0 15 0
 55416 2018-05-07 06:09:50 22 0 15 0
 55416 2018-05-07 06:09:52 22 0 15 0
 55372 2018-05-07 06:10:00 22 0 15 0
 55372 2018-05-07 06:10:04 22 0 15 0
 4117 2018-05-07 06:10:09 22 0 15 0
 4117 2018-05-07 06:10:12 22 0 15 0
 4172 2018-05-07 06:15:34 22 0 15 0
 4172 2018-05-07 06:15:36 22 0 15 0
 49265 2018-05-07 06:15:56 22 0 15 0
 49265 2018-05-07 06:15:59 22 0 15 0
 49215 2018-05-07 06:24:36 22 0 15 0
 58108 2018-05-07 08:04:10 22 0 15 0
 58108 2018-05-07 08:04:14 22 0 15 0
 5537 2018-05-07 08:04:27 22 0 15 0
 5537 2018-05-07 08:04:29 22 0 15 0
 4117 2018-05-07 19:00:27 22 1 15 0
 4117 2018-05-07 19:00:29 22 1 15 0
 4963 2018-05-07 19:00:33 22 1 15 0
 4963 2018-05-07 19:00:35 22 1 15 0
 29065 2018-05-07 19:00:39 22 1 15 0
 29065 2018-05-07 19:00:41 22 1 15 0
 49266 2018-05-07 19:00:44 22 1 15 0
 49266 2018-05-07 19:00:46 22 1 15 0
 5537 2018-05-07 19:00:55 22 1 15 0
 5537 2018-05-07 19:00:57 22 1 15 0
 58108 2018-05-07 19:01:01 22 1 15 0
 29235 2018-05-07 19:01:12 22 1 15 0
 29235 2018-05-07 19:01:14 22 1 15 0
 49130 2018-05-07 19:16:31 22 1 15 0
 49130 2018-05-07 19:16:33 22 1 15 0
 4120 2018-05-07 19:16:42 22 1 15 0
 4120 2018-05-07 19:16:44 22 1 15 0
 4130 2018-05-07 19:16:54 22 1 15 0
 4130 2018-05-07 19:16:56 22 1 15 0
 55424 2018-05-07 19:17:00 22 1 15 0
 55424 2018-05-07 19:17:02 22 1 15 0
 4191 2018-05-07 19:17:46 22 1 15 0
 4191 2018-05-07 19:17:48 22 1 15 0
 49250 2018-05-07 19:18:18 22 1 15 0
 49250 2018-05-07 19:18:19 22 1 15 0
 55416 2018-05-07 19:19:13 22 1 15 0
 55416 2018-05-07 19:19:15 22 1 15 0
 49265 2018-05-07 19:19:22 22 1 15 0
 49265 2018-05-07 19:19:24 22 1 15 0
 55421 2018-05-07 19:19:36 22 1 15 0
 55421 2018-05-07 19:19:38 22 1 15 0
 55430 2018-05-07 19:19:57 22 1 15 0
 55430 2018-05-07 19:19:59 22 1 15 0
 49137 2018-05-07 19:20:06 22 1 15 0
 49137 2018-05-07 19:20:08 22 1 15 0
 55399 2018-05-07 19:20:25 22 1 15 0
 55399 2018-05-07 19:20:28 22 1 15 0
 55399 2018-05-07 19:20:30 22 1 15 0
 55426 2018-05-07 19:21:58 22 1 15 0
 55426 2018-05-07 19:22:00 22 1 15 0
 49176 2018-05-07 19:29:37 22 1 15 0
 49176 2018-05-07 19:29:39 22 1 15 0
 49215 2018-05-07 19:33:17 22 1 15 0
 49215 2018-05-07 19:33:19 22 1 15 0
 55423 2018-05-07 19:33:29 22 1 15 0
 55423 2018-05-07 19:33:31 22 1 15 0
 55365 2018-05-07 19:33:43 22 1 15 0
 55365 2018-05-07 19:33:45 22 1 15 0
 55425 2018-05-07 19:33:49 22 1 15 0
 55425 2018-05-07 19:33:52 22 1 15 0
 55372 2018-05-07 19:33:57 22 1 15 0
 55372 2018-05-07 19:33:59 22 1 15 0
 49181 2018-05-07 19:34:02 22 1 15 0
 49181 2018-05-07 19:34:04 22 1 15 0
 4147 2018-05-07 19:34:09 22 1 15 0
 4147 2018-05-07 19:34:12 22 1 15 0
 1453 2018-05-07 19:47:50 22 1 15 0
 1453 2018-05-07 19:47:52 22 1 15 0
 4172 2018-05-07 19:47:56 22 1 15 0
 4172 2018-05-07 19:47:58 22 1 15 0
 29094 2018-05-07 19:58:33 22 0 15 0
 29094 2018-05-07 19:58:35 22 0 15 0
 4120 2018-05-08 06:00:43 22 0 15 0
 4120 2018-05-08 06:00:45 22 0 15 0
 1453 2018-05-08 06:00:50 22 0 15 0
 1453 2018-05-08 06:00:53 22 0 15 0
 55416 2018-05-08 06:00:57 22 0 15 0
 55416 2018-05-08 06:00:59 22 0 15 0
 55423 2018-05-08 06:01:17 22 0 15 0
 55423 2018-05-08 06:01:23 22 0 15 0
 4963 2018-05-08 06:01:29 22 0 15 0
 4963 2018-05-08 06:01:31 22 0 15 0
 4147 2018-05-08 06:01:37 22 0 15 0
 4147 2018-05-08 06:01:39 22 0 15 0
 29065 2018-05-08 06:01:47 22 0 15 0
 29065 2018-05-08 06:01:49 22 0 15 0
 49250 2018-05-08 06:01:54 22 0 15 0
 49250 2018-05-08 06:01:56 22 0 15 0
 49266 2018-05-08 06:02:00 22 0 15 0
 49266 2018-05-08 06:02:02 22 0 15 0
 4130 2018-05-08 06:02:21 22 0 15 0
 4130 2018-05-08 06:02:23 22 0 15 0
 55399 2018-05-08 06:02:44 22 0 15 0
 55399 2018-05-08 06:02:49 22 0 15 0
 29094 2018-05-08 06:03:07 22 0 15 0
 29094 2018-05-08 06:03:09 22 0 15 0
 55365 2018-05-08 06:03:30 22 0 15 0
 55365 2018-05-08 06:03:32 22 0 15 0
 55421 2018-05-08 06:03:51 22 0 15 0
 55421 2018-05-08 06:03:53 22 0 15 0
 49265 2018-05-08 06:04:02 22 0 15 0
 49130 2018-05-08 06:04:26 22 0 15 0
 49130 2018-05-08 06:04:28 22 0 15 0
 55426 2018-05-08 06:04:34 22 0 15 0
 55426 2018-05-08 06:04:36 22 0 15 0
 49176 2018-05-08 06:04:47 22 0 15 0
 49176 2018-05-08 06:04:49 22 0 15 0
 55372 2018-05-08 06:05:15 22 0 15 0
 55372 2018-05-08 06:05:17 22 0 15 0
 55430 2018-05-08 06:07:07 22 0 15 0
 55430 2018-05-08 06:07:14 22 0 15 0
 4172 2018-05-08 06:08:17 22 0 15 0
 4172 2018-05-08 06:08:19 22 0 15 0
 4117 2018-05-08 06:08:48 22 0 15 0
 4117 2018-05-08 06:08:50 22 0 15 0
 49137 2018-05-08 06:08:58 22 0 15 0
 49137 2018-05-08 06:09:00 22 0 15 0
 55424 2018-05-08 06:09:46 22 0 15 0
 55424 2018-05-08 06:09:48 22 0 15 0
 29235 2018-05-08 06:16:38 22 0 15 0
 29235 2018-05-08 06:16:41 22 0 15 0
 55425 2018-05-08 06:16:58 22 0 15 0
 49181 2018-05-08 06:17:30 22 0 15 0
 49181 2018-05-08 06:17:32 22 0 15 0
 4191 2018-05-08 06:22:32 22 0 15 0
 4191 2018-05-08 06:22:34 22 0 15 0
 49215 2018-05-08 06:28:05 22 0 15 0
 49215 2018-05-08 06:28:07 22 0 15 0
 5537 2018-05-08 07:16:43 22 0 15 0
 5537 2018-05-08 07:16:45 22 0 15 0
 5537 2018-05-08 07:16:47 22 0 15 0
 58108 2018-05-08 07:25:03 22 0 15 0
 58108 2018-05-08 07:25:05 22 0 15 0
 55365 2018-05-08 19:00:04 22 0 15 0
 55365 2018-05-08 19:00:06 22 0 15 0
 29065 2018-05-08 19:00:10 22 0 15 0
 29065 2018-05-08 19:00:12 22 0 15 0
 4963 2018-05-08 19:00:18 22 0 15 0
 4963 2018-05-08 19:00:20 22 0 15 0
 55421 2018-05-08 19:00:25 22 0 15 0
 49265 2018-05-08 19:00:45 22 0 15 0
 49265 2018-05-08 19:00:48 22 0 15 0
 58108 2018-05-08 19:00:57 22 0 15 0
 58108 2018-05-08 19:01:00 22 0 15 0
 5537 2018-05-08 19:01:09 22 0 15 0
 5537 2018-05-08 19:01:13 22 0 15 0
 55372 2018-05-08 19:01:41 22 0 15 0
 55372 2018-05-08 19:01:46 22 0 15 0
 29094 2018-05-08 19:02:10 22 0 15 0
 55399 2018-05-08 19:02:37 22 0 15 0
 55399 2018-05-08 19:02:40 22 0 15 0
 1453 2018-05-08 19:03:16 22 0 15 0
 4117 2018-05-08 19:03:30 22 1 15 0
 4117 2018-05-08 19:03:32 22 1 15 0
 4120 2018-05-08 19:03:42 22 1 15 0
 4120 2018-05-08 19:03:44 22 1 15 0
 55426 2018-05-08 19:04:02 22 1 15 0
 55426 2018-05-08 19:04:19 22 1 15 0
 49176 2018-05-08 19:04:22 22 1 15 0
 49176 2018-05-08 19:04:26 22 1 15 0
 49215 2018-05-08 19:04:49 22 1 15 0
 49215 2018-05-08 19:04:52 22 1 15 0
 29235 2018-05-08 19:05:17 22 1 15 0
 29235 2018-05-08 19:05:19 22 1 15 0
 4191 2018-05-08 19:06:21 22 1 15 0
 4191 2018-05-08 19:06:23 22 1 15 0
 55430 2018-05-08 19:07:00 22 1 15 0
 55430 2018-05-08 19:07:02 22 1 15 0
 49137 2018-05-08 19:07:14 22 1 15 0
 49137 2018-05-08 19:07:16 22 1 15 0
 4130 2018-05-08 19:07:26 22 1 15 0
 4130 2018-05-08 19:07:28 22 1 15 0
 4147 2018-05-08 19:07:44 22 1 15 0
 4147 2018-05-08 19:07:48 22 1 15 0
 55423 2018-05-08 19:08:03 22 1 15 0
 55423 2018-05-08 19:08:05 22 1 15 0
 49181 2018-05-08 19:08:48 22 1 15 0
 49181 2018-05-08 19:08:50 22 1 15 0
 49181 2018-05-08 19:08:53 22 1 15 0
 49181 2018-05-08 19:08:55 22 1 15 0
 49250 2018-05-08 19:09:02 22 1 15 0
 49250 2018-05-08 19:09:04 22 1 15 0
 49130 2018-05-08 19:09:08 22 1 15 0
 49130 2018-05-08 19:09:10 22 1 15 0
 55425 2018-05-08 19:15:16 22 1 15 0
 55416 2018-05-08 19:18:30 22 1 15 0
 55416 2018-05-08 19:18:32 22 1 15 0
 4172 2018-05-08 19:18:37 22 1 15 0
 55424 2018-05-08 19:18:46 22 1 15 0
 55424 2018-05-08 19:18:48 22 1 15 0
 49266 2018-05-08 19:25:23 22 1 15 0
 49266 2018-05-08 19:25:25 22 1 15 0
 55423 2018-05-09 06:00:08 22 0 15 0
 55423 2018-05-09 06:00:10 22 0 15 0
 29094 2018-05-09 06:00:22 22 0 15 0
 29094 2018-05-09 06:00:27 22 0 15 0
 49176 2018-05-09 06:00:32 22 0 15 0
 49176 2018-05-09 06:00:34 22 0 15 0
 55426 2018-05-09 06:01:04 22 0 15 0
 55426 2018-05-09 06:01:07 22 0 15 0
 49137 2018-05-09 06:01:11 22 0 15 0
 49137 2018-05-09 06:01:13 22 0 15 0
 4120 2018-05-09 06:01:17 22 0 15 0
 4120 2018-05-09 06:01:19 22 0 15 0
 29065 2018-05-09 06:01:25 22 0 15 0
 29065 2018-05-09 06:01:27 22 0 15 0
 4147 2018-05-09 06:01:33 22 0 15 0
 4147 2018-05-09 06:01:35 22 0 15 0
 55365 2018-05-09 06:01:40 22 0 15 0
 55365 2018-05-09 06:01:42 22 0 15 0
 55424 2018-05-09 06:01:46 22 0 15 0
 55424 2018-05-09 06:01:48 22 0 15 0
 4130 2018-05-09 06:01:56 22 0 15 0
 4130 2018-05-09 06:01:59 22 0 15 0
 4130 2018-05-09 06:02:01 22 0 15 0
 55430 2018-05-09 06:02:40 22 0 15 0
 55416 2018-05-09 06:02:52 22 0 15 0
 55416 2018-05-09 06:02:54 22 0 15 0
 49265 2018-05-09 06:02:59 22 0 15 0
 49265 2018-05-09 06:03:02 22 0 15 0
 49266 2018-05-09 06:03:07 22 0 15 0
 49266 2018-05-09 06:03:09 22 0 15 0
 49215 2018-05-09 06:03:30 22 1 15 0
 49215 2018-05-09 06:03:32 22 1 15 0
 1453 2018-05-09 06:03:41 22 0 15 0
 1453 2018-05-09 06:03:43 22 0 15 0
 49250 2018-05-09 06:03:46 22 0 15 0
 49250 2018-05-09 06:03:49 22 0 15 0
 29235 2018-05-09 06:04:36 22 0 15 0
 29235 2018-05-09 06:05:01 22 0 15 0
 49181 2018-05-09 06:06:08 22 0 15 0
 49181 2018-05-09 06:06:10 22 0 15 0
 55399 2018-05-09 06:07:04 22 0 15 0
 55399 2018-05-09 06:07:06 22 0 15 0
 55421 2018-05-09 06:07:19 22 0 15 0
 55421 2018-05-09 06:07:21 22 0 15 0
 49130 2018-05-09 06:07:32 22 0 15 0
 49130 2018-05-09 06:07:34 22 0 15 0
 4963 2018-05-09 06:08:21 22 0 15 0
 4963 2018-05-09 06:08:23 22 0 15 0
 55425 2018-05-09 06:08:54 22 0 15 0
 4172 2018-05-09 06:12:24 22 0 15 0
 4172 2018-05-09 06:12:26 22 0 15 0
 55372 2018-05-09 06:12:37 22 0 15 0
 55372 2018-05-09 06:12:39 22 0 15 0
 4117 2018-05-09 06:15:09 22 0 15 0
 4117 2018-05-09 06:15:11 22 0 15 0
 4191 2018-05-09 06:15:21 22 0 15 0
 4191 2018-05-09 06:15:23 22 0 15 0
 5537 2018-05-09 07:19:24 22 0 15 0
 5537 2018-05-09 07:19:30 22 0 15 0
 58108 2018-05-09 07:30:19 22 0 15 0
 58108 2018-05-09 07:30:21 22 0 15 0
 58108 2018-05-09 19:00:17 22 0 15 0
 58108 2018-05-09 19:00:20 22 0 15 0
 55365 2018-05-09 19:00:27 22 1 15 0
 55365 2018-05-09 19:00:29 22 1 15 0
 29065 2018-05-09 19:00:51 22 1 15 0
 29065 2018-05-09 19:00:53 22 1 15 0
 49266 2018-05-09 19:00:56 22 1 15 0
 49266 2018-05-09 19:00:58 22 1 15 0
 5537 2018-05-09 19:01:03 22 1 15 0
 4963 2018-05-09 19:01:10 22 1 15 0
 4963 2018-05-09 19:01:12 22 1 15 0
 49137 2018-05-09 19:01:19 22 1 15 0
 49137 2018-05-09 19:01:21 22 1 15 0
 55430 2018-05-09 19:01:28 22 1 15 0
 55430 2018-05-09 19:01:30 22 1 15 0
 55430 2018-05-09 19:01:32 22 1 15 0
 55430 2018-05-09 19:01:34 22 1 15 0
 55430 2018-05-09 19:01:36 22 1 15 0
 55424 2018-05-09 19:01:46 22 1 15 0
 55424 2018-05-09 19:01:48 22 1 15 0
 55426 2018-05-09 19:01:57 22 1 15 0
 55426 2018-05-09 19:02:10 22 1 15 0
 4130 2018-05-09 19:02:16 22 1 15 0
 4130 2018-05-09 19:02:18 22 1 15 0
 55425 2018-05-09 19:02:22 22 1 15 0
 55425 2018-05-09 19:02:24 22 1 15 0
 49176 2018-05-09 19:02:30 22 1 15 0
 49176 2018-05-09 19:02:32 22 1 15 0
 4191 2018-05-09 19:04:37 22 1 15 0
 4191 2018-05-09 19:04:40 22 1 15 0
 4172 2018-05-09 19:04:45 22 1 15 0
 4172 2018-05-09 19:04:47 22 1 15 0
 4117 2018-05-09 19:04:55 22 1 15 0
 4117 2018-05-09 19:04:57 22 1 15 0
 29094 2018-05-09 19:05:16 22 1 15 0
 29094 2018-05-09 19:05:18 22 1 15 0
 49250 2018-05-09 19:06:35 22 1 15 0
 49250 2018-05-09 19:06:37 22 1 15 0
 1453 2018-05-09 19:06:54 22 1 15 0
 1453 2018-05-09 19:06:56 22 1 15 0
 49215 2018-05-09 19:07:09 22 1 15 0
 49215 2018-05-09 19:07:13 22 1 15 0
 55399 2018-05-09 19:10:28 22 1 15 0
 55399 2018-05-09 19:10:33 22 1 15 0
 55372 2018-05-09 19:14:34 22 1 15 0
 55372 2018-05-09 19:14:36 22 1 15 0
 49265 2018-05-09 19:14:42 22 2 15 0
 49265 2018-05-09 19:14:50 22 2 15 0
 55416 2018-05-09 19:14:54 22 2 15 0
 55416 2018-05-09 19:14:56 22 2 15 0
 55421 2018-05-09 19:15:10 22 2 15 0
 55421 2018-05-09 19:15:12 22 2 15 0
 29235 2018-05-09 19:15:45 22 2 15 0
 29235 2018-05-09 19:15:47 22 2 15 0
 55423 2018-05-09 19:19:41 22 2 15 0
 55423 2018-05-09 19:19:43 22 2 15 0
 4120 2018-05-09 19:19:55 22 2 15 0
 4120 2018-05-09 19:19:57 22 2 15 0
 49181 2018-05-09 19:21:11 22 2 15 0
 49181 2018-05-09 19:21:16 22 2 15 0
 49130 2018-05-09 19:21:24 22 2 15 0
 49130 2018-05-09 19:21:26 22 2 15 0
 4147 2018-05-09 19:24:13 22 2 15 0
 4147 2018-05-09 19:24:15 22 2 15 0
 4963 2018-05-10 06:00:04 22 0 15 0
 4963 2018-05-10 06:00:06 22 0 15 0
 55365 2018-05-10 06:00:10 22 0 15 0
 55365 2018-05-10 06:00:12 22 0 15 0
 4172 2018-05-10 06:00:15 22 0 15 0
 4172 2018-05-10 06:00:18 22 0 15 0
 55416 2018-05-10 06:00:21 22 0 15 0
 55416 2018-05-10 06:00:23 22 0 15 0
 29065 2018-05-10 06:00:28 22 0 15 0
 29065 2018-05-10 06:00:30 22 0 15 0
 49265 2018-05-10 06:00:36 22 0 15 0
 49265 2018-05-10 06:00:39 22 0 15 0
 49176 2018-05-10 06:00:44 22 0 15 0
 49176 2018-05-10 06:00:46 22 0 15 0
 49137 2018-05-10 06:00:50 22 0 15 0
 49137 2018-05-10 06:00:52 22 0 15 0
 29094 2018-05-10 06:00:58 22 0 15 0
 29094 2018-05-10 06:01:00 22 0 15 0
 55423 2018-05-10 06:01:16 22 0 15 0
 55423 2018-05-10 06:01:18 22 0 15 0
 55421 2018-05-10 06:01:24 22 0 15 0
 55421 2018-05-10 06:01:26 22 0 15 0
 55424 2018-05-10 06:01:32 22 0 15 0
 55424 2018-05-10 06:01:37 22 0 15 0
 55372 2018-05-10 06:01:47 22 0 15 0
 55372 2018-05-10 06:01:49 22 0 15 0
 55430 2018-05-10 06:02:01 22 0 15 0
 1453 2018-05-10 06:02:18 22 0 15 0
 1453 2018-05-10 06:02:20 22 0 15 0
 4130 2018-05-10 06:02:25 22 0 15 0
 4130 2018-05-10 06:02:27 22 0 15 0
 4120 2018-05-10 06:02:35 22 0 15 0
 4120 2018-05-10 06:02:37 22 0 15 0
 4147 2018-05-10 06:02:43 22 0 15 0
 4147 2018-05-10 06:02:45 22 0 15 0
 55399 2018-05-10 06:03:06 22 0 15 0
 55399 2018-05-10 06:03:09 22 0 15 0
 49266 2018-05-10 06:07:28 22 0 15 0
 49266 2018-05-10 06:07:30 22 0 15 0
 49250 2018-05-10 06:07:41 22 0 15 0
 49250 2018-05-10 06:07:43 22 0 15 0
 29235 2018-05-10 06:08:31 22 0 15 0
 29235 2018-05-10 06:08:35 22 0 15 0
 49215 2018-05-10 06:09:03 22 0 15 0
 49215 2018-05-10 06:09:05 22 0 15 0
 49215 2018-05-10 06:09:07 22 0 15 0
 49130 2018-05-10 06:09:21 22 0 15 0
 49130 2018-05-10 06:09:23 22 0 15 0
 55425 2018-05-10 06:10:52 22 0 15 0
 55425 2018-05-10 06:10:54 22 0 15 0
 55426 2018-05-10 06:16:06 22 0 15 0
 55426 2018-05-10 06:16:08 22 0 15 0
 4191 2018-05-10 06:17:28 22 0 15 0
 4191 2018-05-10 06:17:30 22 0 15 0
 4117 2018-05-10 06:18:29 22 0 15 0
 4117 2018-05-10 06:18:32 22 0 15 0
 49181 2018-05-10 06:25:10 22 0 15 0
 49181 2018-05-10 06:25:12 22 0 15 0
 5537 2018-05-10 07:15:03 22 0 15 0
 5537 2018-05-10 07:15:05 22 0 15 0
 1023 2018-05-10 07:15:12 22 0 15 0
 1023 2018-05-10 07:15:14 22 0 15 0
 58108 2018-05-10 07:25:39 22 0 15 0
 58108 2018-05-10 07:25:41 22 0 15 0
 1028 2018-05-10 09:10:30 22 0 2 0
 1028 2018-05-10 09:11:10 22 0 2 0
 1023 2018-05-10 18:33:55 22 0 15 0
 1023 2018-05-10 18:33:57 22 0 15 0
 58108 2018-05-10 18:34:04 22 0 15 0
 58108 2018-05-10 18:34:06 22 0 15 0
 5537 2018-05-10 18:34:20 22 0 15 0
 5537 2018-05-10 18:34:22 22 0 15 0
 4963 2018-05-10 19:00:06 22 1 15 0
 4963 2018-05-10 19:00:08 22 1 15 0
 29065 2018-05-10 19:00:14 22 1 15 0
 29065 2018-05-10 19:00:16 22 1 15 0
 55426 2018-05-10 19:00:22 22 1 15 0
 55426 2018-05-10 19:00:24 22 1 15 0
 49266 2018-05-10 19:00:34 22 1 15 0
 49266 2018-05-10 19:00:36 22 1 15 0
 4191 2018-05-10 19:00:42 22 1 15 0
 4191 2018-05-10 19:00:44 22 1 15 0
 49137 2018-05-10 19:01:00 22 1 15 0
 49137 2018-05-10 19:01:03 22 1 15 0
 49176 2018-05-10 19:01:28 22 1 15 0
 49176 2018-05-10 19:01:30 22 1 15 0
 4130 2018-05-10 19:01:42 22 1 15 0
 4130 2018-05-10 19:01:44 22 1 15 0
 29235 2018-05-10 19:02:00 22 1 15 0
 29235 2018-05-10 19:02:05 22 1 15 0
 55421 2018-05-10 19:02:29 22 2 15 0
 55421 2018-05-10 19:02:31 22 2 15 0
 55424 2018-05-10 19:02:36 22 2 15 0
 55424 2018-05-10 19:02:38 22 2 15 0
 55425 2018-05-10 19:02:45 22 2 15 0
 55425 2018-05-10 19:02:49 22 2 15 0
 49250 2018-05-10 19:04:06 22 1 15 0
 49250 2018-05-10 19:04:09 22 1 15 0
 4172 2018-05-10 19:07:02 22 1 15 0
 4172 2018-05-10 19:07:04 22 1 15 0
 55399 2018-05-10 19:07:08 22 1 15 0
 55399 2018-05-10 19:07:17 22 1 15 0
 4120 2018-05-10 19:07:22 22 1 15 0
 4120 2018-05-10 19:07:24 22 1 15 0
 55416 2018-05-10 19:07:30 22 1 15 0
 55416 2018-05-10 19:07:32 22 1 15 0
 55430 2018-05-10 19:09:03 22 1 15 0
 55430 2018-05-10 19:09:05 22 1 15 0
 55430 2018-05-10 19:09:10 22 1 15 0
 55423 2018-05-10 19:15:46 22 1 15 0
 55423 2018-05-10 19:15:48 22 1 15 0
 1453 2018-05-10 19:16:57 22 1 15 0
 1453 2018-05-10 19:17:00 22 1 15 0
 55372 2018-05-10 19:18:17 22 1 15 0
 55372 2018-05-10 19:18:19 22 1 15 0
 49130 2018-05-10 19:18:46 22 1 15 0
 49130 2018-05-10 19:18:48 22 1 15 0
 49181 2018-05-10 19:19:12 22 1 15 0
 49181 2018-05-10 19:19:14 22 1 15 0
 29094 2018-05-10 19:19:58 22 1 15 0
 29094 2018-05-10 19:20:00 22 1 15 0
 49215 2018-05-10 19:21:29 22 1 15 0
 49215 2018-05-10 19:21:34 22 1 15 0
 49265 2018-05-10 19:22:27 22 1 15 0
 49265 2018-05-10 19:22:33 22 1 15 0
 55365 2018-05-10 19:26:19 22 1 15 0
 55365 2018-05-10 19:26:21 22 1 15 0
 4117 2018-05-10 19:26:35 22 1 15 0
 4117 2018-05-10 19:26:37 22 1 15 0
 4147 2018-05-10 19:26:57 22 1 15 0
 4147 2018-05-10 19:26:59 22 1 15 0
 49130 2018-05-11 06:00:05 22 0 15 0
 49130 2018-05-11 06:00:07 22 0 15 0
 49176 2018-05-11 06:00:11 22 0 15 0
 49176 2018-05-11 06:00:13 22 0 15 0
 4120 2018-05-11 06:00:17 22 0 15 0
 4120 2018-05-11 06:00:19 22 0 15 0
 49265 2018-05-11 06:00:21 22 0 15 0
 49265 2018-05-11 06:00:24 22 0 15 0
 55424 2018-05-11 06:00:28 22 0 15 0
 55424 2018-05-11 06:00:34 22 0 15 0
 49137 2018-05-11 06:00:37 22 0 15 0
 49137 2018-05-11 06:00:39 22 0 15 0
 55426 2018-05-11 06:00:44 22 0 15 0
 55426 2018-05-11 06:00:47 22 0 15 0
 4147 2018-05-11 06:00:55 22 0 15 0
 4147 2018-05-11 06:00:57 22 0 15 0
 49181 2018-05-11 06:01:02 22 0 15 0
 49181 2018-05-11 06:01:05 22 0 15 0
 55365 2018-05-11 06:01:10 22 0 15 0
 55365 2018-05-11 06:01:12 22 0 15 0
 55421 2018-05-11 06:01:16 22 0 15 0
 49250 2018-05-11 06:01:29 22 0 15 0
 49250 2018-05-11 06:01:31 22 0 15 0
 29065 2018-05-11 06:01:38 22 0 15 0
 29065 2018-05-11 06:01:40 22 0 15 0
 49266 2018-05-11 06:01:44 22 0 15 0
 49266 2018-05-11 06:01:46 22 0 15 0
 55430 2018-05-11 06:02:03 22 0 15 0
 55425 2018-05-11 06:02:13 22 0 15 0
 55425 2018-05-11 06:02:15 22 0 15 0
 55423 2018-05-11 06:02:32 22 0 15 0
 55423 2018-05-11 06:02:34 22 0 15 0
 55399 2018-05-11 06:02:45 22 0 15 0
 55399 2018-05-11 06:02:52 22 0 15 0
 29094 2018-05-11 06:03:02 22 2 15 0
 29094 2018-05-11 06:03:04 22 2 15 0
 4130 2018-05-11 06:03:21 22 0 15 0
 4130 2018-05-11 06:03:23 22 0 15 0
 29235 2018-05-11 06:03:57 22 0 15 0
 29235 2018-05-11 06:04:15 22 0 15 0
 4117 2018-05-11 06:04:27 22 0 15 0
 4117 2018-05-11 06:04:30 22 0 15 0
 1453 2018-05-11 06:04:36 22 0 15 0
 1453 2018-05-11 06:04:39 22 0 15 0
 4963 2018-05-11 06:04:44 22 0 15 0
 4963 2018-05-11 06:04:46 22 0 15 0
 55416 2018-05-11 06:06:29 22 0 15 0
 55416 2018-05-11 06:06:31 22 0 15 0
 4172 2018-05-11 06:06:41 22 0 15 0
 4172 2018-05-11 06:06:43 22 0 15 0
 55372 2018-05-11 06:07:51 22 0 15 0
 55372 2018-05-11 06:07:53 22 0 15 0
 4191 2018-05-11 06:10:41 22 0 15 0
 4191 2018-05-11 06:10:43 22 0 15 0
 49215 2018-05-11 06:16:18 22 0 15 0
 49215 2018-05-11 06:16:20 22 0 15 0
 1023 2018-05-11 07:25:50 22 0 15 0
 1023 2018-05-11 07:25:52 22 0 15 0
 58108 2018-05-11 07:25:56 22 0 15 0
 58108 2018-05-11 07:25:59 22 0 15 0
 5537 2018-05-11 07:26:23 22 0 15 0
 5537 2018-05-11 07:26:25 22 0 15 0
 1023 2018-05-11 18:40:11 22 0 15 0
 1023 2018-05-11 18:40:13 22 0 15 0
 58108 2018-05-11 18:40:29 22 0 15 0
 58108 2018-05-11 18:40:32 22 0 15 0
 5537 2018-05-11 18:40:46 22 0 15 0
 5537 2018-05-11 18:40:48 22 0 15 0
 4963 2018-05-11 19:00:04 22 0 15 0
 4963 2018-05-11 19:00:06 22 0 15 0
 55424 2018-05-11 19:00:30 22 0 15 0
 55424 2018-05-11 19:00:32 22 0 15 0
 49137 2018-05-11 19:00:39 22 0 15 0
 49137 2018-05-11 19:00:41 22 0 15 0
 29235 2018-05-11 19:00:44 22 0 15 0
 29235 2018-05-11 19:00:46 22 0 15 0
 1453 2018-05-11 19:01:07 22 0 15 0
 1453 2018-05-11 19:01:09 22 0 15 0
 4117 2018-05-11 19:01:34 22 0 15 0
 4117 2018-05-11 19:01:36 22 0 15 0
 4130 2018-05-11 19:01:41 22 0 15 0
 4130 2018-05-11 19:01:43 22 0 15 0
 55365 2018-05-11 19:01:46 22 0 15 0
 55365 2018-05-11 19:01:49 22 0 15 0
 49266 2018-05-11 19:01:58 22 1 15 0
 49266 2018-05-11 19:02:00 22 1 15 0
 55416 2018-05-11 19:02:06 22 1 15 0
 55416 2018-05-11 19:02:08 22 1 15 0
 55421 2018-05-11 19:02:12 22 1 15 0
 55421 2018-05-11 19:02:14 22 1 15 0
 49265 2018-05-11 19:02:25 22 1 15 0
 49265 2018-05-11 19:02:27 22 1 15 0
 29065 2018-05-11 19:02:34 22 1 15 0
 29065 2018-05-11 19:02:36 22 1 15 0
 4120 2018-05-11 19:02:44 22 1 15 0
 4120 2018-05-11 19:02:46 22 1 15 0
 49215 2018-05-11 19:02:49 22 1 15 0
 49215 2018-05-11 19:02:51 22 1 15 0
 55426 2018-05-11 19:02:56 22 1 15 0
 55426 2018-05-11 19:02:58 22 1 15 0
 49250 2018-05-11 19:03:18 22 1 15 0
 49250 2018-05-11 19:03:20 22 1 15 0
 55425 2018-05-11 19:03:31 22 1 15 0
 55425 2018-05-11 19:03:33 22 1 15 0
 4191 2018-05-11 19:03:38 22 1 15 0
 4191 2018-05-11 19:03:40 22 1 15 0
 49176 2018-05-11 19:03:48 22 1 15 0
 49176 2018-05-11 19:03:52 22 1 15 0
 55372 2018-05-11 19:04:41 22 1 15 0
 55372 2018-05-11 19:04:47 22 1 15 0
 55399 2018-05-11 19:04:56 22 2 15 0
 55399 2018-05-11 19:04:58 22 2 15 0
 29094 2018-05-11 19:05:21 22 2 15 0
 29094 2018-05-11 19:05:24 22 2 15 0
 55430 2018-05-11 19:06:56 22 0 15 0
 55423 2018-05-11 19:12:59 22 0 15 0
 55423 2018-05-11 19:13:01 22 0 15 0
 49181 2018-05-11 19:13:28 22 0 15 0
 49181 2018-05-11 19:13:30 22 0 15 0
 49181 2018-05-11 19:13:32 22 0 15 0
 4147 2018-05-11 19:13:44 22 0 15 0
 4147 2018-05-11 19:13:46 22 0 15 0
 49130 2018-05-11 19:17:33 22 1 15 0
 49130 2018-05-11 19:17:35 22 1 15 0
 4172 2018-05-11 19:34:32 22 1 15 0
 4172 2018-05-11 19:34:34 22 1 15 0
 4963 2018-05-12 06:00:05 22 0 15 0
 4963 2018-05-12 06:00:07 22 0 15 0
 29094 2018-05-12 06:00:12 22 0 15 0
 29094 2018-05-12 06:00:14 22 0 15 0
 49266 2018-05-12 06:00:18 22 0 15 0
 49266 2018-05-12 06:00:20 22 0 15 0
 55365 2018-05-12 06:00:25 22 0 15 0
 55365 2018-05-12 06:00:27 22 0 15 0
 55426 2018-05-12 06:00:32 22 0 15 0
 55426 2018-05-12 06:00:34 22 0 15 0
 55424 2018-05-12 06:00:39 22 0 15 0
 55424 2018-05-12 06:00:41 22 0 15 0
 29065 2018-05-12 06:00:47 22 0 15 0
 29065 2018-05-12 06:00:49 22 0 15 0
 49181 2018-05-12 06:00:55 22 0 15 0
 49181 2018-05-12 06:00:57 22 0 15 0
 4130 2018-05-12 06:01:02 22 0 15 0
 4130 2018-05-12 06:01:04 22 0 15 0
 55425 2018-05-12 06:01:15 22 0 15 0
 55425 2018-05-12 06:01:18 22 0 15 0
 49176 2018-05-12 06:01:27 22 0 15 0
 49176 2018-05-12 06:01:29 22 0 15 0
 55423 2018-05-12 06:01:35 22 0 15 0
 55423 2018-05-12 06:01:38 22 0 15 0
 49130 2018-05-12 06:01:56 22 0 15 0
 49130 2018-05-12 06:01:58 22 0 15 0
 55416 2018-05-12 06:02:05 22 0 15 0
 55416 2018-05-12 06:02:07 22 0 15 0
 49265 2018-05-12 06:02:27 22 0 15 0
 49265 2018-05-12 06:02:29 22 0 15 0
 49250 2018-05-12 06:02:36 22 0 15 0
 49250 2018-05-12 06:02:38 22 0 15 0
 4147 2018-05-12 06:02:45 22 0 15 0
 4147 2018-05-12 06:02:47 22 0 15 0
 55430 2018-05-12 06:03:55 22 0 15 0
 55399 2018-05-12 06:04:18 22 0 15 0
 1453 2018-05-12 06:04:57 22 0 15 0
 1453 2018-05-12 06:04:59 22 0 15 0
 55421 2018-05-12 06:05:22 22 0 15 0
 55421 2018-05-12 06:05:24 22 0 15 0
 55372 2018-05-12 06:08:52 22 0 15 0
 55372 2018-05-12 06:08:55 22 0 15 0
 49137 2018-05-12 06:10:38 22 0 15 0
 49137 2018-05-12 06:10:40 22 0 15 0
 4120 2018-05-12 06:11:12 22 0 15 0
 4120 2018-05-12 06:11:14 22 0 15 0
 4191 2018-05-12 06:13:29 22 0 15 0
 4191 2018-05-12 06:13:31 22 0 15 0
 4117 2018-05-12 06:18:34 22 0 15 0
 4117 2018-05-12 06:18:36 22 0 15 0
 4172 2018-05-12 06:19:34 22 0 15 0
 4172 2018-05-12 06:19:36 22 0 15 0
 29235 2018-05-12 06:19:44 22 0 15 0
 29235 2018-05-12 06:19:57 22 0 15 0
 49215 2018-05-12 06:25:48 22 0 15 0
 49215 2018-05-12 06:25:50 22 0 15 0
 5537 2018-05-12 07:23:05 22 0 15 0
 5537 2018-05-12 07:23:07 22 0 15 0
 1023 2018-05-12 07:23:15 22 0 15 0
 1023 2018-05-12 07:23:17 22 0 15 0
 1023 2018-05-12 07:24:26 22 0 15 0
 58108 2018-05-12 07:32:46 22 0 15 0
 58108 2018-05-12 07:32:48 22 0 15 0
 4120 2018-05-12 17:00:38 22 0 15 0
 4120 2018-05-12 17:00:42 22 0 15 0
 49250 2018-05-12 17:00:53 22 1 15 0
 49250 2018-05-12 17:00:55 22 1 15 0
 55426 2018-05-12 17:00:58 22 1 15 0
 55426 2018-05-12 17:01:00 22 1 15 0
 4147 2018-05-12 17:01:05 22 1 15 0
 55424 2018-05-12 17:01:30 22 1 15 0
 55424 2018-05-12 17:01:32 22 1 15 0
 49176 2018-05-12 17:01:36 22 1 15 0
 49176 2018-05-12 17:01:38 22 1 15 0
 55430 2018-05-12 17:01:53 22 1 15 0
 4172 2018-05-12 17:01:56 22 1 15 0
 4172 2018-05-12 17:01:58 22 1 15 0
 55399 2018-05-12 17:02:01 22 1 15 0
 55399 2018-05-12 17:02:03 22 1 15 0
 1453 2018-05-12 17:02:10 22 1 15 0
 1453 2018-05-12 17:02:12 22 1 15 0
 49265 2018-05-12 17:02:48 22 1 15 0
 5537 2018-05-12 17:02:58 22 1 15 0
 4117 2018-05-12 17:03:05 22 1 15 0
 4117 2018-05-12 17:03:07 22 1 15 0
 49266 2018-05-12 17:03:13 22 1 15 0
 49266 2018-05-12 17:03:15 22 1 15 0
 49181 2018-05-12 17:03:19 22 1 15 0
 49181 2018-05-12 17:03:21 22 1 15 0
 29235 2018-05-12 17:03:42 22 1 15 0
 29235 2018-05-12 17:03:51 22 1 15 0
 49137 2018-05-12 17:07:35 22 1 15 0
 49137 2018-05-12 17:07:37 22 1 15 0
 4130 2018-05-12 17:07:42 22 1 15 0
 4130 2018-05-12 17:07:44 22 1 15 0
 55365 2018-05-12 17:07:47 22 1 15 0
 55365 2018-05-12 17:07:49 22 1 15 0
 55372 2018-05-12 17:07:53 22 1 15 0
 55372 2018-05-12 17:07:55 22 1 15 0
 4191 2018-05-12 17:08:08 22 1 15 0
 4191 2018-05-12 17:08:10 22 1 15 0
 49215 2018-05-12 17:08:18 22 1 15 0
 49215 2018-05-12 17:08:20 22 1 15 0
 29065 2018-05-12 17:08:26 22 1 15 0
 29065 2018-05-12 17:08:31 22 1 15 0
 29065 2018-05-12 17:08:33 22 1 15 0
 55423 2018-05-12 17:09:00 22 1 15 0
 55423 2018-05-12 17:09:02 22 1 15 0
 55416 2018-05-12 17:22:06 22 1 15 0
 55416 2018-05-12 17:22:09 22 1 15 0
 55421 2018-05-12 17:22:21 22 1 15 0
 55421 2018-05-12 17:22:23 22 1 15 0
 29094 2018-05-12 17:23:00 22 1 15 0
 29094 2018-05-12 17:23:02 22 1 15 0
 49130 2018-05-12 17:35:25 22 1 15 0
 49130 2018-05-12 17:35:27 22 1 15 0
 4963 2018-05-12 17:55:48 22 1 15 0
 4963 2018-05-12 17:55:50 22 1 15 0
 49181 2018-05-14 06:16:32 22 0 15 0
 49181 2018-05-14 06:16:35 22 0 15 0
 55421 2018-05-14 06:16:54 22 0 15 0
 55421 2018-05-14 06:16:58 22 0 15 0
 49266 2018-05-14 06:17:05 22 0 15 0
 49266 2018-05-14 06:17:12 22 0 15 0
 29065 2018-05-14 06:17:25 22 0 15 0
 29065 2018-05-14 06:17:29 22 0 15 0
 4130 2018-05-14 06:17:35 22 0 15 0
 4130 2018-05-14 06:17:37 22 0 15 0
 4963 2018-05-14 06:17:41 22 0 15 0
 4963 2018-05-14 06:17:47 22 0 15 0
 49130 2018-05-14 06:17:51 22 0 15 0
 49130 2018-05-14 06:17:53 22 0 15 0
 55372 2018-05-14 06:18:12 22 0 15 0
 55372 2018-05-14 06:18:16 22 0 15 0
 55365 2018-05-14 06:18:24 22 0 15 0
 55365 2018-05-14 06:18:26 22 0 15 0
 55425 2018-05-14 06:18:52 22 0 15 0
 55425 2018-05-14 06:18:55 22 0 15 0
 55416 2018-05-14 06:19:01 22 0 15 0
 55416 2018-05-14 06:19:08 22 0 15 0
 55423 2018-05-14 06:19:18 22 0 15 0
 55423 2018-05-14 06:19:21 22 0 15 0
 49265 2018-05-14 06:19:26 22 0 15 0
 49265 2018-05-14 06:19:28 22 0 15 0
 29094 2018-05-14 06:19:49 22 0 15 0
 29094 2018-05-14 06:19:51 22 0 15 0
 4117 2018-05-14 06:22:02 22 0 15 0
 29235 2018-05-14 06:25:41 22 0 15 0
 29235 2018-05-14 06:25:43 22 0 15 0
 29235 2018-05-14 06:25:47 22 0 15 0
 49215 2018-05-14 06:26:31 22 0 15 0
 49215 2018-05-14 06:26:33 22 0 15 0
 4191 2018-05-14 06:34:53 22 0 15 0
 4191 2018-05-14 06:34:56 22 0 15 0
 49137 2018-05-14 06:36:13 22 0 15 0
 49137 2018-05-14 06:36:15 22 0 15 0
 55423 2018-05-14 17:30:30 22 0 15 0
 55423 2018-05-14 17:30:33 22 0 15 0
 55423 2018-05-14 17:30:35 22 0 15 0
 29235 2018-05-14 17:31:39 22 1 15 0
 29235 2018-05-14 17:31:51 22 1 15 0
 49130 2018-05-14 17:31:54 22 1 15 0
 49130 2018-05-14 17:31:56 22 1 15 0
 4963 2018-05-14 17:32:22 22 1 15 0
 4963 2018-05-14 17:32:24 22 1 15 0
 55372 2018-05-14 17:32:27 22 1 15 0
 55372 2018-05-14 17:32:32 22 1 15 0
 55425 2018-05-14 17:32:52 22 1 15 0
 55425 2018-05-14 17:32:54 22 1 15 0
 55421 2018-05-14 17:33:00 22 1 15 0
 55421 2018-05-14 17:33:04 22 1 15 0
 29094 2018-05-14 17:33:19 22 1 15 0
 29094 2018-05-14 17:33:21 22 1 15 0
 29065 2018-05-14 17:33:30 22 1 15 0
 29065 2018-05-14 17:33:32 22 1 15 0
 49266 2018-05-14 17:33:38 22 1 15 0
 49266 2018-05-14 17:33:42 22 1 15 0
 4117 2018-05-14 17:34:48 22 1 15 0
 4117 2018-05-14 17:34:52 22 1 15 0
 49215 2018-05-14 17:35:06 22 1 15 0
 49215 2018-05-14 17:35:14 22 1 15 0
 49215 2018-05-14 17:35:16 22 1 15 0
 55416 2018-05-14 17:35:25 22 1 15 0
 55416 2018-05-14 17:35:31 22 1 15 0
 49265 2018-05-14 17:39:44 22 1 15 0
 49265 2018-05-14 17:39:46 22 1 15 0
 4130 2018-05-14 17:48:07 22 1 15 0
 4191 2018-05-14 17:48:16 22 1 15 0
 4191 2018-05-14 17:48:20 22 1 15 0
 49137 2018-05-14 17:56:03 22 1 15 0
 49137 2018-05-14 17:56:05 22 1 15 0
 49181 2018-05-14 17:56:24 22 1 15 0
 49181 2018-05-14 17:56:26 22 1 15 0
 55365 2018-05-14 18:17:07 22 1 15 0
 55365 2018-05-14 18:17:09 22 1 15 0
 49265 2018-05-15 06:00:25 22 0 15 0
 49265 2018-05-15 06:00:27 22 0 15 0
 55416 2018-05-15 06:00:34 22 0 15 0
 55416 2018-05-15 06:00:36 22 0 15 0
 29094 2018-05-15 06:00:43 22 0 15 0
 29094 2018-05-15 06:00:51 22 0 15 0
 29065 2018-05-15 06:00:58 22 0 15 0
 29065 2018-05-15 06:01:00 22 0 15 0
 49181 2018-05-15 06:01:05 22 0 15 0
 49181 2018-05-15 06:01:07 22 0 15 0
 4963 2018-05-15 06:01:13 22 0 15 0
 4963 2018-05-15 06:01:16 22 0 15 0
 55425 2018-05-15 06:01:42 22 0 15 0
 55425 2018-05-15 06:01:44 22 0 15 0
 55423 2018-05-15 06:02:04 22 0 15 0
 55423 2018-05-15 06:02:06 22 0 15 0
 4130 2018-05-15 06:02:13 22 0 15 0
 4130 2018-05-15 06:02:15 22 0 15 0
 55421 2018-05-15 06:02:27 22 0 15 0
 55421 2018-05-15 06:02:29 22 0 15 0
 29235 2018-05-15 06:03:45 22 0 15 0
 29235 2018-05-15 06:03:59 22 0 15 0
 55365 2018-05-15 06:04:14 22 0 15 0
 55365 2018-05-15 06:04:16 22 0 15 0
 4191 2018-05-15 06:06:12 22 0 15 0
 4191 2018-05-15 06:06:14 22 0 15 0
 55372 2018-05-15 06:08:35 22 0 15 0
 55372 2018-05-15 06:08:37 22 0 15 0
 49266 2018-05-15 06:12:06 22 0 15 0
 49266 2018-05-15 06:12:08 22 0 15 0
 4117 2018-05-15 06:14:20 22 0 15 0
 4117 2018-05-15 06:14:22 22 0 15 0
 49137 2018-05-15 06:14:31 22 0 15 0
 49137 2018-05-15 06:14:33 22 0 15 0
 49130 2018-05-15 06:14:37 22 0 15 0
 49130 2018-05-15 06:14:39 22 0 15 0
 49215 2018-05-15 06:14:55 22 0 15 0
 49215 2018-05-15 06:14:57 22 0 15 0
 29065 2018-05-15 19:01:38 22 0 15 0
 29065 2018-05-15 19:01:41 22 0 15 0
 29235 2018-05-15 19:01:56 22 1 15 0
 29235 2018-05-15 19:02:09 22 1 15 0
 49181 2018-05-15 19:02:17 22 1 15 0
 49181 2018-05-15 19:02:19 22 1 15 0
 49181 2018-05-15 19:02:22 22 1 15 0
 55423 2018-05-15 19:02:29 22 1 15 0
 55423 2018-05-15 19:02:31 22 1 15 0
 49215 2018-05-15 19:02:56 22 1 15 0
 4117 2018-05-15 19:03:07 22 1 15 0
 4117 2018-05-15 19:03:10 22 1 15 0
 55421 2018-05-15 19:03:15 22 1 15 0
 55421 2018-05-15 19:03:17 22 1 15 0
 55365 2018-05-15 19:03:22 22 1 15 0
 55365 2018-05-15 19:03:24 22 1 15 0
 29094 2018-05-15 19:03:30 22 1 15 0
 29094 2018-05-15 19:03:32 22 1 15 0
 49265 2018-05-15 19:03:38 22 0 15 0
 49265 2018-05-15 19:03:42 22 0 15 0
 49137 2018-05-15 19:03:47 22 0 15 0
 49137 2018-05-15 19:03:49 22 0 15 0
 49130 2018-05-15 19:03:52 22 0 15 0
 49130 2018-05-15 19:03:54 22 0 15 0
 4191 2018-05-15 19:04:10 22 0 15 0
 4191 2018-05-15 19:04:14 22 0 15 0
 49266 2018-05-15 19:04:23 22 0 15 0
 49266 2018-05-15 19:04:25 22 0 15 0
 4130 2018-05-15 19:04:51 22 0 15 0
 4130 2018-05-15 19:04:53 22 0 15 0
 4963 2018-05-15 19:06:19 22 0 15 0
 4963 2018-05-15 19:06:22 22 0 15 0
 55416 2018-05-15 19:07:28 22 0 15 0
 55416 2018-05-15 19:07:30 22 0 15 0
 55425 2018-05-15 19:22:33 22 0 15 0
 55425 2018-05-15 19:22:35 22 0 15 0
 55372 2018-05-15 19:22:45 22 2 15 0
 55372 2018-05-15 19:22:48 22 2 15 0
 29094 2018-05-16 06:00:05 22 0 15 0
 29094 2018-05-16 06:00:10 22 0 15 0
 29235 2018-05-16 06:00:20 22 0 15 0
 29235 2018-05-16 06:00:35 22 0 15 0
 55365 2018-05-16 06:00:39 22 0 15 0
 55365 2018-05-16 06:00:43 22 0 15 0
 4147 2018-05-16 06:00:55 22 0 15 0
 4147 2018-05-16 06:00:57 22 0 15 0
 49250 2018-05-16 06:01:01 22 0 15 0
 49250 2018-05-16 06:01:03 22 0 15 0
 49130 2018-05-16 06:01:07 22 0 15 0
 49130 2018-05-16 06:01:09 22 0 15 0
 29065 2018-05-16 06:01:12 22 0 15 0
 29065 2018-05-16 06:01:18 22 0 15 0
 4963 2018-05-16 06:01:27 22 0 15 0
 4963 2018-05-16 06:01:33 22 0 15 0
 49266 2018-05-16 06:01:38 22 0 15 0
 49266 2018-05-16 06:01:40 22 0 15 0
 55372 2018-05-16 06:01:45 22 0 15 0
 55372 2018-05-16 06:01:47 22 0 15 0
 4130 2018-05-16 06:02:04 22 0 15 0
 4130 2018-05-16 06:02:06 22 0 15 0
 55421 2018-05-16 06:02:11 22 0 15 0
 55421 2018-05-16 06:02:19 22 0 15 0
 55423 2018-05-16 06:02:30 22 0 15 0
 55423 2018-05-16 06:02:32 22 0 15 0
 49181 2018-05-16 06:02:44 22 0 15 0
 49181 2018-05-16 06:02:46 22 0 15 0
 49137 2018-05-16 06:03:01 22 0 15 0
 49137 2018-05-16 06:03:03 22 0 15 0
 49215 2018-05-16 06:03:27 22 0 15 0
 49215 2018-05-16 06:03:29 22 0 15 0
 55416 2018-05-16 06:03:46 22 0 15 0
 55416 2018-05-16 06:03:48 22 0 15 0
 49265 2018-05-16 06:03:58 22 0 15 0
 49265 2018-05-16 06:04:00 22 0 15 0
 4191 2018-05-16 06:05:01 22 2 15 0
 4191 2018-05-16 06:05:03 22 2 15 0
 4117 2018-05-16 06:11:47 22 0 15 0
 4117 2018-05-16 06:11:49 22 0 15 0
 55425 2018-05-16 06:11:58 22 0 15 0
 55425 2018-05-16 06:12:00 22 0 15 0
 49176 2018-05-16 08:51:08 22 0 15 0
 49176 2018-05-16 08:51:10 22 0 15 0
 55426 2018-05-16 08:51:24 22 0 15 0
 55426 2018-05-16 08:51:39 22 0 15 0
 1017 2018-05-16 08:52:06 22 0 15 0
 4120 2018-05-16 08:52:18 22 0 15 0
 4120 2018-05-16 08:52:20 22 0 15 0
 4120 2018-05-16 08:52:23 22 0 15 0
 49176 2018-05-16 19:00:22 22 0 15 0
 49176 2018-05-16 19:00:24 22 0 15 0
 49265 2018-05-16 19:00:47 22 0 15 0
 29065 2018-05-16 19:01:07 22 0 15 0
 29065 2018-05-16 19:01:09 22 0 15 0
 55426 2018-05-16 19:01:15 22 0 15 0
 55426 2018-05-16 19:01:17 22 0 15 0
 55421 2018-05-16 19:01:34 22 0 15 0
 55421 2018-05-16 19:01:36 22 0 15 0
 55365 2018-05-16 19:01:53 22 0 15 0
 55365 2018-05-16 19:01:56 22 0 15 0
 55365 2018-05-16 19:01:58 22 0 15 0
 4130 2018-05-16 19:03:18 22 0 15 0
 4130 2018-05-16 19:03:20 22 0 15 0
 49215 2018-05-16 19:03:33 22 0 15 0
 49215 2018-05-16 19:03:38 22 0 15 0
 49215 2018-05-16 19:03:40 22 0 15 0
 4963 2018-05-16 19:03:45 22 0 15 0
 4963 2018-05-16 19:03:48 22 0 15 0
 55372 2018-05-16 19:04:03 22 0 15 0
 55372 2018-05-16 19:04:05 22 0 15 0
 4117 2018-05-16 19:04:12 22 0 15 0
 49137 2018-05-16 19:04:22 22 0 15 0
 49137 2018-05-16 19:04:24 22 0 15 0
 49266 2018-05-16 19:04:29 22 0 15 0
 49266 2018-05-16 19:04:31 22 0 15 0
 49250 2018-05-16 19:04:46 22 1 15 0
 49250 2018-05-16 19:04:48 22 1 15 0
 49181 2018-05-16 19:04:57 22 1 15 0
 49181 2018-05-16 19:04:59 22 1 15 0
 55423 2018-05-16 19:05:32 22 1 15 0
 55423 2018-05-16 19:05:34 22 1 15 0
 29235 2018-05-16 19:05:57 22 1 15 0
 29235 2018-05-16 19:05:59 22 1 15 0
 55416 2018-05-16 19:06:58 22 1 15 0
 55416 2018-05-16 19:07:00 22 1 15 0
 49130 2018-05-16 19:07:41 22 1 15 0
 49130 2018-05-16 19:07:43 22 1 15 0
 29094 2018-05-16 19:08:41 22 1 15 0
 29094 2018-05-16 19:08:43 22 1 15 0
 4147 2018-05-16 19:12:39 22 1 15 0
 4147 2018-05-16 19:12:41 22 1 15 0
 4120 2018-05-16 19:12:58 22 1 15 0
 4120 2018-05-16 19:13:00 22 1 15 0
 55425 2018-05-16 19:13:13 22 1 15 0
 55425 2018-05-16 19:13:15 22 1 15 0
 4191 2018-05-16 19:23:54 22 1 15 0
 4191 2018-05-16 19:23:56 22 1 15 0
 55423 2018-05-17 06:00:04 22 0 15 0
 55423 2018-05-17 06:00:05 22 0 15 0
 49130 2018-05-17 06:00:24 22 0 15 0
 49130 2018-05-17 06:00:26 22 0 15 0
 55421 2018-05-17 06:00:36 22 0 15 0
 55421 2018-05-17 06:00:38 22 0 15 0
 55416 2018-05-17 06:00:43 22 0 15 0
 55416 2018-05-17 06:00:45 22 0 15 0
 49181 2018-05-17 06:00:51 22 0 15 0
 49181 2018-05-17 06:00:54 22 0 15 0
 29094 2018-05-17 06:01:04 22 0 15 0
 29094 2018-05-17 06:01:09 22 0 15 0
 49265 2018-05-17 06:01:21 22 0 15 0
 55426 2018-05-17 06:01:31 22 0 15 0
 55426 2018-05-17 06:01:33 22 0 15 0
 4130 2018-05-17 06:01:41 22 0 15 0
 4130 2018-05-17 06:01:43 22 0 15 0
 49250 2018-05-17 06:01:48 22 0 15 0
 49250 2018-05-17 06:01:50 22 0 15 0
 49176 2018-05-17 06:01:56 22 0 15 0
 4963 2018-05-17 06:02:04 22 0 15 0
 4963 2018-05-17 06:02:11 22 0 15 0
 4147 2018-05-17 06:02:16 22 0 15 0
 4147 2018-05-17 06:02:18 22 0 15 0
 4191 2018-05-17 06:02:24 22 0 15 0
 4191 2018-05-17 06:02:26 22 0 15 0
 49137 2018-05-17 06:02:34 22 0 15 0
 49137 2018-05-17 06:02:36 22 0 15 0
 1453 2018-05-17 06:02:44 22 0 15 0
 1453 2018-05-17 06:02:46 22 0 15 0
 4120 2018-05-17 06:02:57 22 0 15 0
 4120 2018-05-17 06:02:59 22 0 15 0
 49266 2018-05-17 06:04:01 22 0 15 0
 49266 2018-05-17 06:04:03 22 0 15 0
 55365 2018-05-17 06:04:27 22 0 15 0
 55365 2018-05-17 06:04:29 22 0 15 0
 29235 2018-05-17 06:06:16 22 0 15 0
 29235 2018-05-17 06:06:18 22 0 15 0
 29065 2018-05-17 06:10:39 22 0 15 0
 29065 2018-05-17 06:10:41 22 0 15 0
 4117 2018-05-17 06:11:56 22 0 15 0
 4117 2018-05-17 06:11:58 22 0 15 0
 49215 2018-05-17 06:15:44 22 0 15 0
 49215 2018-05-17 06:15:46 22 0 15 0
 55372 2018-05-17 06:15:51 22 0 15 0
 55372 2018-05-17 06:15:53 22 0 15 0
 55425 2018-05-17 06:18:03 22 0 15 0
 55425 2018-05-17 06:18:05 22 0 15 0
 1028 2018-05-17 09:45:15 22 0 2 0
