 2181008 2018-02-08 18:01:30 32 0 15 0
 2181008 2018-02-08 18:01:32 32 0 15 0
 2181008 2018-02-08 18:01:34 32 0 15 0
 21010 2018-02-08 22:02:03 32 0 15 0
 21010 2018-02-08 22:02:05 32 0 15 0
 21010 2018-02-08 22:02:07 32 0 15 0
 21097 2018-02-08 22:02:21 32 0 15 0
 21018 2018-02-08 22:03:19 32 0 15 0
 21018 2018-02-08 22:03:22 32 0 15 0
 21018 2018-02-08 22:03:27 32 0 15 0
 21012 2018-02-08 22:03:53 32 0 15 0
 21012 2018-02-08 22:03:55 32 0 15 0
 21012 2018-02-08 22:03:57 32 0 15 0
 21097 2018-02-09 06:20:51 32 0 15 0
 21097 2018-02-09 06:20:53 32 0 15 0
 21097 2018-02-09 06:20:55 32 0 15 0
 21097 2018-02-09 06:20:57 32 0 15 0
 21018 2018-02-09 06:44:00 32 0 15 0
 21018 2018-02-09 06:44:02 32 0 15 0
 21018 2018-02-09 06:44:04 32 0 15 0
 21012 2018-02-09 07:05:58 32 0 15 0
 21012 2018-02-09 07:06:00 32 0 15 0
 21012 2018-02-09 07:06:02 32 0 15 0
 21010 2018-02-09 07:06:10 32 0 15 0
 21010 2018-02-09 07:06:12 32 0 15 0
 21010 2018-02-09 07:06:14 32 0 15 0
 2181008 2018-02-09 07:07:00 32 0 15 0
 2181008 2018-02-09 07:07:02 32 0 15 0
 2181008 2018-02-09 07:07:04 32 0 15 0
 21012 2018-02-09 18:43:37 32 0 15 0
 21012 2018-02-09 18:43:39 32 0 15 0
 21012 2018-02-09 18:43:41 32 0 15 0
 2181008 2018-02-09 22:01:40 32 0 15 0
 2181008 2018-02-09 22:01:42 32 0 15 0
 2181008 2018-02-09 22:01:44 32 0 15 0
 21018 2018-02-09 22:02:00 32 0 15 0
 21018 2018-02-09 22:02:02 32 0 15 0
 21018 2018-02-09 22:02:04 32 0 15 0
 21010 2018-02-09 22:02:39 32 0 15 0
 21010 2018-02-09 22:02:41 32 0 15 0
 21010 2018-02-09 22:02:43 32 0 15 0
 21097 2018-02-09 22:05:00 32 0 15 0
 21097 2018-02-09 22:05:02 32 0 15 0
 21097 2018-02-09 22:05:04 32 0 15 0
 21097 2018-02-10 06:51:06 32 0 15 0
 21097 2018-02-10 06:51:08 32 0 15 0
 21097 2018-02-10 06:51:10 32 0 15 0
 21012 2018-02-10 06:56:31 32 0 15 0
 21012 2018-02-10 06:56:33 32 0 15 0
 21012 2018-02-10 06:56:35 32 0 15 0
 21018 2018-02-10 06:58:34 32 0 15 0
 21018 2018-02-10 06:58:36 32 0 15 0
 21018 2018-02-10 06:58:41 32 0 15 0
 21098 2018-02-10 07:49:09 32 0 15 0
 21098 2018-02-10 07:49:11 32 0 15 0
 21018 2018-02-10 17:02:31 32 0 15 0
 21018 2018-02-10 17:02:35 32 0 15 0
 21018 2018-02-10 17:02:38 32 0 15 0
 21097 2018-02-10 17:03:22 32 0 15 0
 21097 2018-02-10 17:03:24 32 0 15 0
 21098 2018-02-10 17:04:33 32 0 15 0
 21098 2018-02-10 17:04:35 32 0 15 0
 21098 2018-02-10 17:04:38 32 0 15 0
 21012 2018-02-10 17:09:09 32 0 15 0
 21012 2018-02-10 17:09:12 32 0 15 0
 21012 2018-02-10 17:09:15 32 0 15 0
 21098 2018-02-11 06:51:56 32 0 15 0
 21098 2018-02-11 06:51:58 32 0 15 0
 21098 2018-02-11 16:36:09 32 0 15 0
 21098 2018-02-11 16:36:11 32 0 15 0
 21097 2018-02-12 06:35:36 32 0 15 0
 21097 2018-02-12 06:35:39 32 0 15 0
 21097 2018-02-12 06:35:43 32 0 15 0
 21011 2018-02-12 06:49:33 32 0 15 0
 21011 2018-02-12 06:49:36 32 0 15 0
 21011 2018-02-12 06:49:44 32 0 15 0
 21098 2018-02-12 06:57:47 32 0 15 0
 21098 2018-02-12 06:57:49 32 0 15 0
 21012 2018-02-12 06:59:04 32 0 15 0
 21012 2018-02-12 06:59:06 32 0 15 0
 21012 2018-02-12 06:59:09 32 0 15 0
 2181008 2018-02-12 07:03:04 32 0 15 0
 2181008 2018-02-12 07:03:06 32 0 15 0
 2181008 2018-02-12 07:03:10 32 0 15 0
 21011 2018-02-12 18:01:26 32 0 15 0
 21011 2018-02-12 18:01:29 32 0 15 0
 21011 2018-02-12 18:01:32 32 0 15 0
 21098 2018-02-12 18:01:37 32 0 15 0
 21098 2018-02-12 18:01:39 32 0 15 0
 2181008 2018-02-12 18:01:42 32 0 15 0
 2181008 2018-02-12 18:01:44 32 0 15 0
 2181008 2018-02-12 18:01:46 32 0 15 0
 21012 2018-02-12 18:02:43 32 0 15 0
 21012 2018-02-12 18:02:45 32 0 15 0
 21012 2018-02-12 18:02:47 32 0 15 0
 21097 2018-02-12 18:03:38 32 0 15 0
 21097 2018-02-12 18:03:41 32 0 15 0
 21097 2018-02-12 18:03:43 32 0 15 0
 21097 2018-02-13 06:16:45 32 0 15 0
 21097 2018-02-13 06:16:50 32 0 15 0
 21097 2018-02-13 06:16:57 32 0 15 0
 21098 2018-02-13 06:54:27 32 0 15 0
 21098 2018-02-13 06:54:29 32 0 15 0
 21012 2018-02-13 07:00:43 32 0 15 0
 21012 2018-02-13 07:00:45 32 0 15 0
 21012 2018-02-13 07:00:47 32 0 15 0
 21010 2018-02-13 07:00:53 32 0 15 0
 21010 2018-02-13 07:00:55 32 0 15 0
 21011 2018-02-13 07:02:20 32 0 15 0
 21011 2018-02-13 07:02:22 32 0 15 0
 21011 2018-02-13 07:02:25 32 0 15 0
 2181008 2018-02-13 07:02:33 32 0 15 0
 2181008 2018-02-13 07:02:35 32 0 15 0
 2181008 2018-02-13 07:02:37 32 0 15 0
 2181008 2018-02-13 18:01:43 32 0 15 0
 2181008 2018-02-13 18:01:45 32 0 15 0
 2181008 2018-02-13 18:01:47 32 0 15 0
 21011 2018-02-13 18:01:51 32 0 15 0
 21011 2018-02-13 18:01:59 32 0 15 0
 21011 2018-02-13 18:02:04 32 0 15 0
 21012 2018-02-13 18:02:30 32 0 15 0
 21012 2018-02-13 18:02:32 32 0 15 0
 21012 2018-02-13 18:02:36 32 0 15 0
 21010 2018-02-13 18:02:42 32 0 15 0
 21010 2018-02-13 18:02:44 32 0 15 0
 21010 2018-02-13 18:02:46 32 0 15 0
 21098 2018-02-13 18:03:09 32 0 15 0
 21098 2018-02-13 18:03:11 32 0 15 0
 21097 2018-02-13 18:03:20 32 0 15 0
 21097 2018-02-13 18:03:22 32 0 15 0
 21097 2018-02-13 18:03:24 32 0 15 0
 21097 2018-02-14 06:54:23 32 0 15 0
 21097 2018-02-14 06:54:25 32 0 15 0
 21097 2018-02-14 06:54:27 32 0 15 0
 21098 2018-02-14 06:57:06 32 0 15 0
 21098 2018-02-14 06:57:08 32 0 15 0
 2181008 2018-02-14 06:58:47 32 0 15 0
 2181008 2018-02-14 06:58:49 32 0 15 0
 2181008 2018-02-14 06:58:51 32 0 15 0
 21012 2018-02-14 07:04:34 32 0 15 0
 21012 2018-02-14 07:04:36 32 0 15 0
 21012 2018-02-14 07:04:38 32 0 15 0
 21010 2018-02-14 07:04:52 32 0 15 0
 21010 2018-02-14 07:04:54 32 0 15 0
 21010 2018-02-14 07:04:58 32 0 15 0
 2181008 2018-02-14 18:02:43 32 0 15 0
 2181008 2018-02-14 18:02:45 32 0 15 0
 2181008 2018-02-14 18:02:47 32 0 15 0
 21010 2018-02-14 18:03:13 32 0 15 0
 21010 2018-02-14 18:03:15 32 0 15 0
 21010 2018-02-14 18:03:17 32 0 15 0
 21012 2018-02-14 18:03:26 32 0 15 0
 21012 2018-02-14 18:03:28 32 0 15 0
 21012 2018-02-14 18:03:31 32 0 15 0
 21098 2018-02-14 18:03:58 32 0 15 0
 21098 2018-02-14 18:04:00 32 0 15 0
 21097 2018-02-14 18:04:50 32 0 15 0
 21097 2018-02-14 18:04:52 32 0 15 0
 21097 2018-02-15 06:12:24 32 0 15 0
 21097 2018-02-15 06:12:26 32 0 15 0
 21097 2018-02-15 06:12:28 32 0 15 0
 2181008 2018-02-15 06:40:09 32 0 15 0
 2181008 2018-02-15 06:40:11 32 0 15 0
 2181008 2018-02-15 06:40:13 32 0 15 0
 21012 2018-02-15 06:55:19 32 0 15 0
 21012 2018-02-15 06:55:21 32 0 15 0
 21012 2018-02-15 06:55:23 32 0 15 0
 21098 2018-02-15 06:55:44 32 0 15 0
 21098 2018-02-15 06:55:46 32 0 15 0
 21011 2018-02-15 06:56:05 32 0 15 0
 21011 2018-02-15 06:56:07 32 0 15 0
 21011 2018-02-15 06:56:10 32 0 15 0
 21011 2018-02-15 18:03:00 32 0 15 0
 21011 2018-02-15 18:03:02 32 0 15 0
 21011 2018-02-15 18:03:04 32 0 15 0
 2181008 2018-02-15 22:01:10 32 0 15 0
 2181008 2018-02-15 22:01:14 32 0 15 0
 2181008 2018-02-15 22:01:16 32 0 15 0
 21012 2018-02-15 22:01:46 32 0 15 0
 21012 2018-02-15 22:01:52 32 0 15 0
 21012 2018-02-15 22:01:54 32 0 15 0
 21097 2018-02-15 22:02:07 32 0 15 0
 21097 2018-02-15 22:02:09 32 0 15 0
 21098 2018-02-15 22:02:34 32 0 15 0
 21098 2018-02-15 22:02:36 32 0 15 0
 21097 2018-02-16 06:32:24 32 0 15 0
 21097 2018-02-16 06:32:33 32 0 15 0
 21010 2018-02-16 06:38:53 32 0 15 0
 21010 2018-02-16 06:38:55 32 0 15 0
 21010 2018-02-16 06:38:57 32 0 15 0
 21098 2018-02-16 06:51:01 32 0 15 0
 21098 2018-02-16 06:51:03 32 0 15 0
 2181008 2018-02-16 07:08:36 32 0 15 0
 2181008 2018-02-16 07:08:41 32 0 15 0
 2181008 2018-02-16 07:08:43 32 0 15 0
 2181008 2018-02-16 18:01:50 32 0 15 0
 2181008 2018-02-16 18:01:52 32 0 15 0
 2181008 2018-02-16 18:01:54 32 0 15 0
 21097 2018-02-16 18:02:10 32 0 15 0
 21097 2018-02-16 18:02:14 32 0 15 0
 21098 2018-02-16 18:02:31 32 0 15 0
 21098 2018-02-16 18:02:33 32 0 15 0
 21098 2018-02-16 18:02:35 32 0 15 0
 21010 2018-02-16 18:02:57 32 0 15 0
 21010 2018-02-16 18:02:59 32 0 15 0
 21010 2018-02-16 18:03:01 32 0 15 0
 21097 2018-02-17 06:26:03 32 0 15 0
 21097 2018-02-17 06:26:15 32 0 15 0
 21097 2018-02-17 06:26:17 32 0 15 0
 21097 2018-02-17 06:26:19 32 0 15 0
 2181008 2018-02-17 06:56:30 32 0 15 0
 2181008 2018-02-17 06:56:32 32 0 15 0
 2181008 2018-02-17 06:56:34 32 0 15 0
 21012 2018-02-17 07:04:50 32 0 15 0
 21012 2018-02-17 07:04:52 32 0 15 0
 21012 2018-02-17 07:04:54 32 0 15 0
 21010 2018-02-17 07:05:18 32 0 15 0
 21010 2018-02-17 07:05:20 32 0 15 0
 21010 2018-02-17 07:05:22 32 0 15 0
 21010 2018-02-17 17:04:03 32 0 15 0
 21010 2018-02-17 17:04:05 32 0 15 0
 21010 2018-02-17 17:04:07 32 0 15 0
 21097 2018-02-17 17:04:34 32 0 15 0
 21097 2018-02-17 17:04:40 32 0 15 0
 21012 2018-02-17 17:05:54 32 0 15 0
 21012 2018-02-17 17:05:57 32 0 15 0
 21012 2018-02-17 17:05:59 32 0 15 0
 2181008 2018-02-17 17:08:26 32 0 15 0
 2181008 2018-02-17 17:08:28 32 0 15 0
 2181008 2018-02-17 17:08:30 32 0 15 0
 2181008 2018-02-18 07:09:05 32 0 15 0
 2181008 2018-02-18 07:09:07 32 0 15 0
 2181008 2018-02-18 07:09:09 32 0 15 0
 2181008 2018-02-18 16:34:52 32 0 15 0
 2181008 2018-02-18 16:34:54 32 0 15 0
 2181008 2018-02-18 16:34:56 32 0 15 0
 21018 2018-02-19 06:36:56 32 0 15 0
 21018 2018-02-19 06:36:59 32 0 15 0
 21018 2018-02-19 06:37:01 32 0 15 0
 21011 2018-02-19 06:49:52 32 0 15 0
 21011 2018-02-19 06:49:55 32 0 15 0
 21011 2018-02-19 06:49:57 32 0 15 0
 21098 2018-02-19 06:52:57 32 0 15 0
 21098 2018-02-19 06:52:59 32 0 15 0
 21012 2018-02-19 06:54:08 32 0 15 0
 21012 2018-02-19 06:54:11 32 0 15 0
 21012 2018-02-19 06:54:13 32 0 15 0
 2181008 2018-02-19 06:54:20 32 0 15 0
 2181008 2018-02-19 06:54:22 32 0 15 0
 2181008 2018-02-19 06:54:24 32 0 15 0
 21011 2018-02-19 18:02:37 32 0 15 0
 21011 2018-02-19 18:02:44 32 0 15 0
 21011 2018-02-19 18:02:46 32 0 15 0
 21098 2018-02-19 18:55:02 32 0 15 0
 21098 2018-02-19 18:55:04 32 0 15 0
 21012 2018-02-19 22:01:15 32 0 15 0
 21012 2018-02-19 22:01:17 32 0 15 0
 21012 2018-02-19 22:01:19 32 0 15 0
 21018 2018-02-19 22:01:39 32 0 15 0
 21018 2018-02-19 22:01:53 32 0 15 0
 21018 2018-02-19 22:01:55 32 0 15 0
 2181008 2018-02-19 22:06:04 32 0 15 0
 2181008 2018-02-19 22:06:07 32 0 15 0
 2181008 2018-02-19 22:06:09 32 0 15 0
 21097 2018-02-20 06:28:19 32 0 15 0
 21097 2018-02-20 06:28:22 32 0 15 0
 2181008 2018-02-20 06:46:16 32 0 15 0
 2181008 2018-02-20 06:46:18 32 0 15 0
 2181008 2018-02-20 06:46:20 32 0 15 0
 21018 2018-02-20 06:55:19 32 0 15 0
 21018 2018-02-20 06:55:21 32 0 15 0
 21018 2018-02-20 06:55:23 32 0 15 0
 21011 2018-02-20 06:55:45 32 0 15 0
 21011 2018-02-20 06:55:47 32 0 15 0
 21011 2018-02-20 06:55:49 32 0 15 0
 21010 2018-02-20 07:00:39 32 0 15 0
 21010 2018-02-20 07:00:41 32 0 15 0
 21010 2018-02-20 07:00:43 32 0 15 0
 21012 2018-02-20 07:00:49 32 0 15 0
 21012 2018-02-20 07:00:51 32 0 15 0
 21012 2018-02-20 07:00:53 32 0 15 0
 21098 2018-02-20 07:05:01 32 0 15 0
 21098 2018-02-20 07:05:03 32 0 15 0
 21011 2018-02-20 18:06:43 32 0 15 0
 21011 2018-02-20 18:06:45 32 0 15 0
 21011 2018-02-20 18:06:47 32 0 15 0
 2181008 2018-02-20 22:02:19 32 0 15 0
 2181008 2018-02-20 22:02:21 32 0 15 0
 2181008 2018-02-20 22:02:23 32 0 15 0
 21097 2018-02-20 22:02:45 32 0 15 0
 21018 2018-02-20 22:03:35 32 0 15 0
 21018 2018-02-20 22:03:37 32 0 15 0
 21098 2018-02-20 22:03:50 32 0 15 0
 21098 2018-02-20 22:03:52 32 0 15 0
 21097 2018-02-20 22:04:02 32 0 15 0
 21097 2018-02-20 22:04:04 32 0 15 0
 21010 2018-02-20 22:04:08 32 0 15 0
 21010 2018-02-20 22:04:10 32 0 15 0
 21010 2018-02-20 22:04:12 32 0 15 0
 21012 2018-02-20 22:04:17 32 0 15 0
 21012 2018-02-20 22:04:19 32 0 15 0
 21012 2018-02-20 22:04:21 32 0 15 0
 21097 2018-02-21 06:26:47 32 0 15 0
 21097 2018-02-21 06:26:49 32 0 15 0
 21097 2018-02-21 06:26:52 32 0 15 0
 21018 2018-02-21 06:41:15 32 0 15 0
 21018 2018-02-21 06:41:18 32 0 15 0
 21018 2018-02-21 06:41:20 32 0 15 0
 21098 2018-02-21 06:57:18 32 0 15 0
 21098 2018-02-21 06:57:20 32 0 15 0
 2181008 2018-02-21 07:00:56 32 0 15 0
 2181008 2018-02-21 07:00:59 32 0 15 0
 2181008 2018-02-21 07:01:01 32 0 15 0
 21012 2018-02-21 07:05:41 32 0 15 0
 21012 2018-02-21 07:05:43 32 0 15 0
 21012 2018-02-21 07:05:45 32 0 15 0
 21010 2018-02-21 07:06:07 32 0 15 0
 21010 2018-02-21 07:06:09 32 0 15 0
 21010 2018-02-21 07:06:11 32 0 15 0
 21098 2018-02-21 18:03:02 32 0 15 0
 21098 2018-02-21 18:03:04 32 0 15 0
 21097 2018-02-21 18:03:11 32 0 15 0
 21097 2018-02-21 18:03:13 32 0 15 0
 21097 2018-02-21 18:03:15 32 0 15 0
 21012 2018-02-21 22:03:04 32 0 15 0
 21012 2018-02-21 22:03:06 32 0 15 0
 21012 2018-02-21 22:03:08 32 0 15 0
 2181008 2018-02-21 22:03:12 32 0 15 0
 2181008 2018-02-21 22:03:14 32 0 15 0
 2181008 2018-02-21 22:03:16 32 0 15 0
 21018 2018-02-21 22:03:20 32 0 15 0
 21018 2018-02-21 22:03:22 32 0 15 0
 21018 2018-02-21 22:03:27 32 0 15 0
 21010 2018-02-21 22:03:35 32 0 15 0
 21010 2018-02-21 22:03:37 32 0 15 0
 21010 2018-02-21 22:03:39 32 0 15 0
 21010 2018-02-21 22:03:41 32 0 15 0
 21097 2018-02-22 06:16:52 32 0 15 0
 21097 2018-02-22 06:16:54 32 0 15 0
 21097 2018-02-22 06:16:56 32 0 15 0
 21098 2018-02-22 06:56:41 32 0 15 0
 21098 2018-02-22 06:56:43 32 0 15 0
 21011 2018-02-22 06:58:25 32 0 15 0
 21011 2018-02-22 06:58:27 32 0 15 0
 21011 2018-02-22 06:58:38 32 0 15 0
 21012 2018-02-22 07:06:14 32 0 15 0
 21012 2018-02-22 07:06:16 32 0 15 0
 21012 2018-02-22 07:06:18 32 0 15 0
 21010 2018-02-22 07:06:23 32 0 15 0
 21010 2018-02-22 07:06:25 32 0 15 0
 21010 2018-02-22 07:06:27 32 0 15 0
 21011 2018-02-22 18:01:06 32 0 15 0
 21011 2018-02-22 18:01:09 32 0 15 0
 21097 2018-02-22 18:03:34 32 0 15 0
 21097 2018-02-22 18:03:37 32 0 15 0
 21097 2018-02-22 18:03:47 32 0 15 0
 21098 2018-02-22 18:04:17 32 0 15 0
 21098 2018-02-22 18:04:21 32 0 15 0
 21010 2018-02-22 22:01:31 32 0 15 0
 21010 2018-02-22 22:01:33 32 0 15 0
 21010 2018-02-22 22:01:35 32 0 15 0
 21012 2018-02-22 22:05:22 32 0 15 0
 21012 2018-02-22 22:05:25 32 0 15 0
 21012 2018-02-22 22:05:27 32 0 15 0
 21097 2018-02-23 06:13:41 32 0 15 0
 21097 2018-02-23 06:13:43 32 0 15 0
 21097 2018-02-23 06:13:45 32 0 15 0
 21018 2018-02-23 06:48:23 32 0 15 0
 21018 2018-02-23 06:48:26 32 0 15 0
 21018 2018-02-23 06:48:28 32 0 15 0
 21098 2018-02-23 06:49:20 32 0 15 0
 21098 2018-02-23 06:49:22 32 0 15 0
 21011 2018-02-23 06:53:19 32 0 15 0
 21011 2018-02-23 06:53:21 32 0 15 0
 21011 2018-02-23 06:53:23 32 0 15 0
 21010 2018-02-23 07:08:51 32 0 15 0
 21010 2018-02-23 07:08:53 32 0 15 0
 21010 2018-02-23 07:08:55 32 0 15 0
 21012 2018-02-23 07:09:00 32 0 15 0
 21012 2018-02-23 07:09:02 32 0 15 0
 21012 2018-02-23 07:09:04 32 0 15 0
 21012 2018-02-23 17:09:27 32 0 15 0
 21012 2018-02-23 17:09:29 32 0 15 0
 21012 2018-02-23 17:09:32 32 0 15 0
 21010 2018-02-23 18:02:24 32 0 15 0
 21010 2018-02-23 18:02:26 32 0 15 0
 21018 2018-02-23 18:02:38 32 0 15 0
 21018 2018-02-23 18:02:41 32 0 15 0
 21018 2018-02-23 18:02:43 32 0 15 0
 21012 2018-02-24 07:05:35 32 0 15 0
 21012 2018-02-24 07:05:37 32 0 15 0
 21012 2018-02-24 07:05:39 32 0 15 0
 2181008 2018-02-24 07:05:58 32 0 15 0
 2181008 2018-02-24 07:06:00 32 0 15 0
 2181008 2018-02-24 07:06:02 32 0 15 0
 21011 2018-02-24 08:02:38 32 0 15 0
 21011 2018-02-24 08:02:41 32 0 15 0
 21011 2018-02-24 08:02:45 32 0 15 0
 21011 2018-02-24 08:02:47 32 0 15 0
 21097 2018-02-24 09:02:10 32 0 15 0
 21097 2018-02-24 09:02:14 32 0 15 0
 21097 2018-02-24 09:02:16 32 0 15 0
 21098 2018-02-24 09:02:19 32 0 15 0
 21098 2018-02-24 09:02:21 32 0 15 0
 2181008 2018-02-24 11:38:06 32 0 15 0
 2181008 2018-02-24 11:38:12 32 0 15 0
 2181008 2018-02-24 11:38:15 32 0 15 0
 21012 2018-02-24 11:38:38 32 0 15 0
 21012 2018-02-24 11:38:42 32 0 15 0
 21012 2018-02-24 11:38:44 32 0 15 0
 21018 2018-02-25 05:34:46 32 0 15 0
 21018 2018-02-25 05:34:48 32 0 15 0
 21018 2018-02-25 05:34:50 32 0 15 0
 2181008 2018-02-25 05:38:00 32 0 15 0
 2181008 2018-02-25 05:38:02 32 0 15 0
 2181008 2018-02-25 05:38:04 32 0 15 0
 21012 2018-02-25 06:07:05 32 0 15 0
 21012 2018-02-25 06:07:07 32 0 15 0
 21012 2018-02-25 06:07:09 32 0 15 0
 21010 2018-02-25 06:07:15 32 0 15 0
 21010 2018-02-25 06:07:17 32 0 15 0
 21010 2018-02-25 06:07:19 32 0 15 0
 21018 2018-02-25 06:14:55 32 0 15 0
 21010 2018-02-25 23:30:11 32 0 15 0
 21010 2018-02-25 23:30:13 32 0 15 0
 21010 2018-02-25 23:30:15 32 0 15 0
 21012 2018-02-25 23:30:24 32 0 15 0
 21012 2018-02-25 23:30:26 32 0 15 0
 21012 2018-02-25 23:30:28 32 0 15 0
 2181008 2018-02-25 23:30:42 32 0 15 0
 2181008 2018-02-25 23:30:45 32 0 15 0
 2181008 2018-02-25 23:30:47 32 0 15 0
 21018 2018-02-25 23:31:17 32 0 15 0
 21018 2018-02-25 23:31:19 32 0 15 0
 21018 2018-02-25 23:31:21 32 0 15 0
 21098 2018-02-26 07:01:58 32 0 15 0
 21098 2018-02-26 07:02:00 32 0 15 0
 21012 2018-02-26 07:02:10 32 0 15 0
 21012 2018-02-26 07:02:12 32 0 15 0
 21012 2018-02-26 07:02:14 32 0 15 0
 2181008 2018-02-26 07:11:00 32 0 15 0
 2181008 2018-02-26 07:11:02 32 0 15 0
 2181008 2018-02-26 07:11:04 32 0 15 0
 2181008 2018-02-26 17:02:40 32 0 15 0
 2181008 2018-02-26 17:02:42 32 0 15 0
 2181008 2018-02-26 17:02:44 32 0 15 0
 21012 2018-02-26 17:03:38 32 0 15 0
 21012 2018-02-26 17:03:40 32 0 15 0
 21012 2018-02-26 17:03:42 32 0 15 0
 21098 2018-02-26 17:05:16 32 0 15 0
 21098 2018-02-26 17:05:18 32 0 15 0
 21098 2018-02-26 17:05:20 32 0 15 0
 21097 2018-02-27 06:41:16 32 0 15 0
 21097 2018-02-27 06:41:19 32 0 15 0
 21097 2018-02-27 06:41:21 32 0 15 0
 21098 2018-02-27 06:56:31 32 0 15 0
 21098 2018-02-27 06:56:33 32 0 15 0
 21018 2018-02-27 07:00:08 32 0 15 0
 21018 2018-02-27 07:00:10 32 0 15 0
 21018 2018-02-27 07:00:13 32 0 15 0
 21012 2018-02-27 07:02:06 32 0 15 0
 21012 2018-02-27 07:02:08 32 0 15 0
 21012 2018-02-27 07:02:10 32 0 15 0
 21010 2018-02-27 07:02:17 32 0 15 0
 21010 2018-02-27 07:02:19 32 0 15 0
 21010 2018-02-27 07:02:21 32 0 15 0
 2181008 2018-02-27 07:02:37 32 0 15 0
 2181008 2018-02-27 07:02:39 32 0 15 0
 2181008 2018-02-27 07:02:41 32 0 15 0
 2181008 2018-02-27 18:03:30 32 0 15 0
 2181008 2018-02-27 18:03:32 32 0 15 0
 2181008 2018-02-27 18:03:34 32 0 15 0
 21010 2018-02-27 18:03:44 32 0 15 0
 21010 2018-02-27 18:03:47 32 0 15 0
 21010 2018-02-27 18:03:49 32 0 15 0
 21012 2018-02-27 18:04:10 32 0 15 0
 21012 2018-02-27 18:04:12 32 0 15 0
 21012 2018-02-27 18:04:14 32 0 15 0
 21018 2018-02-27 18:06:27 32 0 15 0
 21018 2018-02-27 18:06:33 32 0 15 0
 21018 2018-02-27 18:06:35 32 0 15 0
 21098 2018-02-27 22:01:35 32 0 15 0
 21098 2018-02-27 22:01:37 32 0 15 0
 21098 2018-02-27 22:01:39 32 0 15 0
 21097 2018-02-27 22:02:17 32 0 15 0
 21097 2018-02-27 22:02:19 32 0 15 0
 21097 2018-02-27 22:02:21 32 0 15 0
 21097 2018-02-28 06:45:08 32 0 15 0
 21097 2018-02-28 06:45:11 32 0 15 0
 21097 2018-02-28 06:45:13 32 0 15 0
 21097 2018-02-28 06:45:15 32 0 15 0
 21098 2018-02-28 06:50:00 32 0 15 0
 21098 2018-02-28 06:50:02 32 0 15 0
 21011 2018-02-28 06:56:27 32 0 15 0
 21011 2018-02-28 06:56:29 32 0 15 0
 21011 2018-02-28 06:56:31 32 0 15 0
 21018 2018-02-28 06:58:23 32 0 15 0
 21018 2018-02-28 06:58:25 32 0 15 0
 21018 2018-02-28 06:58:27 32 0 15 0
 21012 2018-02-28 06:58:39 32 0 15 0
 21012 2018-02-28 06:58:41 32 0 15 0
 21012 2018-02-28 06:58:43 32 0 15 0
 2181008 2018-02-28 07:11:40 32 0 15 0
 2181008 2018-02-28 07:11:42 32 0 15 0
 2181008 2018-02-28 07:11:44 32 0 15 0
 21011 2018-02-28 18:01:21 32 0 15 0
 21011 2018-02-28 18:01:24 32 0 15 0
 21011 2018-02-28 18:01:26 32 0 15 0
 21098 2018-02-28 18:02:26 32 0 15 0
 21098 2018-02-28 18:02:28 32 0 15 0
 21018 2018-02-28 18:03:05 32 0 15 0
 21018 2018-02-28 18:03:07 32 0 15 0
 21018 2018-02-28 18:03:12 32 0 15 0
 2181008 2018-02-28 18:03:17 32 0 15 0
 2181008 2018-02-28 18:03:19 32 0 15 0
 2181008 2018-02-28 18:03:21 32 0 15 0
 21097 2018-02-28 18:03:36 32 0 15 0
 21097 2018-02-28 18:03:38 32 0 15 0
 21097 2018-02-28 18:03:40 32 0 15 0
 21012 2018-02-28 18:03:47 32 0 15 0
 21012 2018-02-28 18:03:53 32 0 15 0
 21012 2018-02-28 18:03:57 32 0 15 0
 21097 2018-03-01 06:05:51 32 0 15 0
 21097 2018-03-01 06:05:56 32 0 15 0
 21097 2018-03-01 06:05:58 32 0 15 0
 21097 2018-03-01 06:06:00 32 0 15 0
 2181008 2018-03-01 06:49:56 32 0 15 0
 2181008 2018-03-01 06:49:58 32 0 15 0
 2181008 2018-03-01 06:50:00 32 0 15 0
 21018 2018-03-01 06:54:05 32 0 15 0
 21018 2018-03-01 06:54:07 32 0 15 0
 21018 2018-03-01 06:54:09 32 0 15 0
 21010 2018-03-01 06:55:53 32 0 15 0
 21010 2018-03-01 06:55:55 32 0 15 0
 21010 2018-03-01 06:55:57 32 0 15 0
 21098 2018-03-01 06:56:03 32 0 15 0
 21098 2018-03-01 06:56:06 32 0 15 0
 21012 2018-03-01 06:56:19 32 0 15 0
 21012 2018-03-01 06:56:21 32 0 15 0
 21012 2018-03-01 06:56:23 32 0 15 0
 21011 2018-03-01 07:01:29 32 0 15 0
 21011 2018-03-01 07:01:31 32 0 15 0
 21011 2018-03-01 07:01:33 32 0 15 0
 21011 2018-03-01 18:01:44 32 0 15 0
 21011 2018-03-01 18:01:50 32 0 15 0
 21011 2018-03-01 18:01:52 32 0 15 0
 21097 2018-03-01 18:02:37 32 0 15 0
 21097 2018-03-01 18:02:39 32 0 15 0
 21097 2018-03-01 18:02:48 32 0 15 0
 21098 2018-03-01 18:02:54 32 0 15 0
 21098 2018-03-01 18:02:56 32 0 15 0
 21098 2018-03-01 18:02:59 32 0 15 0
 2181008 2018-03-01 18:03:13 32 0 15 0
 2181008 2018-03-01 18:03:15 32 0 15 0
 2181008 2018-03-01 18:03:18 32 0 15 0
 21018 2018-03-01 18:03:25 32 0 15 0
 21018 2018-03-01 18:03:28 32 0 15 0
 21018 2018-03-01 18:03:30 32 0 15 0
 21010 2018-03-01 18:03:34 32 0 15 0
 21010 2018-03-01 18:03:36 32 0 15 0
 21010 2018-03-01 18:03:38 32 0 15 0
 21012 2018-03-01 18:03:48 32 0 15 0
 21012 2018-03-01 18:03:53 32 0 15 0
 21012 2018-03-01 18:03:55 32 0 15 0
 21097 2018-03-02 06:08:21 32 0 15 0
 21097 2018-03-02 06:08:24 32 0 15 0
 21097 2018-03-02 06:08:26 32 0 15 0
 21097 2018-03-02 06:08:28 32 0 15 0
 21097 2018-03-02 06:08:30 32 0 15 0
 21098 2018-03-02 06:54:07 32 0 15 0
 21098 2018-03-02 06:54:09 32 0 15 0
 21098 2018-03-02 06:54:11 32 0 15 0
 21018 2018-03-02 06:58:39 32 0 15 0
 21018 2018-03-02 06:58:41 32 0 15 0
 21018 2018-03-02 06:58:43 32 0 15 0
 21012 2018-03-02 07:01:55 32 0 15 0
 21012 2018-03-02 07:01:57 32 0 15 0
 21012 2018-03-02 07:01:59 32 0 15 0
 21010 2018-03-02 07:02:11 32 0 15 0
 21010 2018-03-02 07:02:14 32 0 15 0
 21010 2018-03-02 07:02:18 32 0 15 0
 21097 2018-03-02 18:01:23 32 0 15 0
 21097 2018-03-02 18:01:29 32 0 15 0
 21097 2018-03-02 18:01:32 32 0 15 0
 21098 2018-03-02 18:01:36 32 0 15 0
 21098 2018-03-02 18:01:38 32 0 15 0
 21098 2018-03-02 18:01:40 32 0 15 0
 21018 2018-03-02 18:01:57 32 0 15 0
 21018 2018-03-02 18:01:59 32 0 15 0
 21018 2018-03-02 18:02:02 32 0 15 0
 21010 2018-03-02 18:02:10 32 0 15 0
 21010 2018-03-02 18:02:15 32 0 15 0
 21012 2018-03-02 18:02:59 32 0 15 0
 21012 2018-03-02 18:03:01 32 0 15 0
 21012 2018-03-02 18:03:04 32 0 15 0
 21097 2018-03-03 06:22:13 32 0 15 0
 21097 2018-03-03 06:22:15 32 0 15 0
 21097 2018-03-03 06:22:18 32 0 15 0
 21097 2018-03-03 06:22:20 32 0 15 0
 2181008 2018-03-03 06:48:24 32 0 15 0
 2181008 2018-03-03 06:48:26 32 0 15 0
 2181008 2018-03-03 06:48:30 32 0 15 0
 21098 2018-03-03 06:51:52 32 0 15 0
 21098 2018-03-03 06:51:54 32 0 15 0
 21098 2018-03-03 06:51:56 32 0 15 0
 21018 2018-03-03 06:53:54 32 0 15 0
 21018 2018-03-03 06:53:56 32 0 15 0
 21018 2018-03-03 06:53:58 32 0 15 0
 21010 2018-03-03 07:02:26 32 0 15 0
 21010 2018-03-03 07:02:28 32 0 15 0
 21010 2018-03-03 07:02:30 32 0 15 0
 21012 2018-03-03 07:02:36 32 0 15 0
 21012 2018-03-03 07:02:38 32 0 15 0
 21012 2018-03-03 07:02:40 32 0 15 0
 21098 2018-03-03 17:02:49 32 0 15 0
 21098 2018-03-03 17:02:51 32 0 15 0
 21098 2018-03-03 17:02:53 32 0 15 0
 21018 2018-03-03 17:03:56 32 0 15 0
 21018 2018-03-03 17:03:58 32 0 15 0
 21018 2018-03-03 17:04:00 32 0 15 0
 21018 2018-03-03 17:04:02 32 0 15 0
 21097 2018-03-03 17:04:18 32 0 15 0
 21097 2018-03-03 17:04:20 32 0 15 0
 21097 2018-03-03 17:04:22 32 0 15 0
 21097 2018-03-03 17:04:24 32 0 15 0
 2181008 2018-03-03 17:04:46 32 0 15 0
 2181008 2018-03-03 17:04:48 32 0 15 0
 2181008 2018-03-03 17:04:52 32 0 15 0
 21012 2018-03-03 17:05:04 32 0 15 0
 21012 2018-03-03 17:05:06 32 0 15 0
 21012 2018-03-03 17:05:09 32 0 15 0
 21010 2018-03-03 17:11:30 32 0 15 0
 21010 2018-03-03 17:11:32 32 0 15 0
 21010 2018-03-03 17:11:34 32 0 15 0
 21097 2018-03-05 06:08:12 32 0 15 0
 21097 2018-03-05 06:08:14 32 0 15 0
 21097 2018-03-05 06:08:18 32 0 15 0
 21097 2018-03-05 06:08:23 32 0 15 0
 21012 2018-03-05 06:53:07 32 0 15 0
 21012 2018-03-05 06:53:09 32 0 15 0
 21012 2018-03-05 06:53:11 32 0 15 0
 21018 2018-03-05 06:53:22 32 0 15 0
 21018 2018-03-05 06:53:24 32 0 15 0
 21018 2018-03-05 06:53:26 32 0 15 0
 21098 2018-03-05 06:53:36 32 0 15 0
 21098 2018-03-05 06:53:38 32 0 15 0
 2181008 2018-03-05 06:58:03 32 0 15 0
 2181008 2018-03-05 06:58:05 32 0 15 0
 2181008 2018-03-05 06:58:07 32 0 15 0
 21011 2018-03-05 07:03:21 32 0 15 0
 21011 2018-03-05 07:03:23 32 0 15 0
 21011 2018-03-05 07:03:26 32 0 15 0
 21011 2018-03-05 18:05:29 32 0 15 0
 21011 2018-03-05 18:05:31 32 0 15 0
 21011 2018-03-05 18:05:33 32 0 15 0
 21097 2018-03-05 18:05:57 32 0 15 0
 21097 2018-03-05 18:06:02 32 0 15 0
 21097 2018-03-05 18:06:09 32 0 15 0
 21012 2018-03-05 18:06:41 32 0 15 0
 21012 2018-03-05 18:06:43 32 0 15 0
 21012 2018-03-05 18:06:45 32 0 15 0
 21012 2018-03-05 18:06:47 32 0 15 0
 21018 2018-03-05 18:07:03 32 0 15 0
 21018 2018-03-05 18:07:07 32 0 15 0
 21018 2018-03-05 18:07:09 32 0 15 0
 2181008 2018-03-05 18:07:14 32 0 15 0
 2181008 2018-03-05 18:07:17 32 0 15 0
 2181008 2018-03-05 18:07:19 32 0 15 0
 21098 2018-03-05 22:04:01 32 0 15 0
 21098 2018-03-05 22:04:03 32 0 15 0
 21098 2018-03-05 22:04:05 32 0 15 0
 21097 2018-03-06 06:32:24 32 0 15 0
 21097 2018-03-06 06:32:26 32 0 15 0
 21097 2018-03-06 06:32:28 32 0 15 0
 21097 2018-03-06 06:32:30 32 0 15 0
 21018 2018-03-06 06:39:41 32 0 15 0
 21018 2018-03-06 06:39:47 32 0 15 0
 21018 2018-03-06 06:39:50 32 0 15 0
 21098 2018-03-06 06:55:47 32 0 15 0
 21098 2018-03-06 06:55:49 32 0 15 0
 21098 2018-03-06 06:55:51 32 0 15 0
 2181008 2018-03-06 06:56:50 32 0 15 0
 2181008 2018-03-06 06:56:52 32 0 15 0
 2181008 2018-03-06 06:56:57 32 0 15 0
 21012 2018-03-06 06:58:31 32 0 15 0
 21012 2018-03-06 06:58:36 32 0 15 0
 21012 2018-03-06 06:58:38 32 0 15 0
 21011 2018-03-06 06:59:45 32 0 15 0
 21011 2018-03-06 06:59:48 32 0 15 0
 21010 2018-03-06 06:59:57 32 0 15 0
 21010 2018-03-06 06:59:59 32 0 15 0
 21010 2018-03-06 07:00:01 32 0 15 0
 21018 2018-03-06 18:03:58 32 0 15 0
 21018 2018-03-06 18:04:01 32 0 15 0
 21011 2018-03-06 18:04:04 32 0 15 0
 21011 2018-03-06 18:04:06 32 0 15 0
 21011 2018-03-06 18:04:08 32 0 15 0
 21097 2018-03-06 22:01:08 32 0 15 0
 21097 2018-03-06 22:01:10 32 0 15 0
 21097 2018-03-06 22:01:29 32 0 15 0
 21097 2018-03-06 22:01:31 32 0 15 0
 21097 2018-03-06 22:01:36 32 0 15 0
 21012 2018-03-06 22:02:12 32 0 15 0
 21012 2018-03-06 22:02:14 32 0 15 0
 21012 2018-03-06 22:02:16 32 0 15 0
 21010 2018-03-06 22:02:23 32 0 15 0
 21010 2018-03-06 22:02:25 32 0 15 0
 21010 2018-03-06 22:02:29 32 0 15 0
 21098 2018-03-06 22:02:53 32 0 15 0
 21098 2018-03-06 22:02:55 32 0 15 0
 21098 2018-03-06 22:02:57 32 0 15 0
 2181008 2018-03-06 22:05:06 32 0 15 0
 2181008 2018-03-06 22:05:08 32 0 15 0
 2181008 2018-03-06 22:05:10 32 0 15 0
 21097 2018-03-07 06:35:12 32 0 15 0
 21097 2018-03-07 06:35:15 32 0 15 0
 21097 2018-03-07 06:35:24 32 0 15 0
 21097 2018-03-07 06:35:26 32 0 15 0
 21097 2018-03-07 06:35:29 32 0 15 0
 21098 2018-03-07 06:51:46 32 0 15 0
 21098 2018-03-07 06:51:52 32 0 15 0
 21098 2018-03-07 06:51:56 32 0 15 0
 21012 2018-03-07 07:06:54 32 0 15 0
 21012 2018-03-07 07:06:56 32 0 15 0
 21012 2018-03-07 07:06:58 32 0 15 0
 21010 2018-03-07 07:07:05 32 0 15 0
 21010 2018-03-07 07:07:07 32 0 15 0
 21010 2018-03-07 07:07:09 32 0 15 0
 2181008 2018-03-07 07:09:13 32 0 15 0
 2181008 2018-03-07 07:09:17 32 0 15 0
 2181008 2018-03-07 07:09:19 32 0 15 0
 2181008 2018-03-07 17:02:09 32 0 15 0
 2181008 2018-03-07 17:02:11 32 0 15 0
 21098 2018-03-07 18:06:31 32 0 15 0
 21098 2018-03-07 18:06:33 32 0 15 0
 21097 2018-03-07 18:08:06 32 0 15 0
 21097 2018-03-07 18:08:08 32 0 15 0
 21097 2018-03-07 18:08:12 32 0 15 0
 21097 2018-03-07 18:08:15 32 0 15 0
 21010 2018-03-07 19:01:32 32 0 15 0
 21010 2018-03-07 19:01:34 32 0 15 0
 21010 2018-03-07 19:01:36 32 0 15 0
 21012 2018-03-07 19:02:00 32 0 15 0
 21012 2018-03-07 19:02:02 32 0 15 0
 21012 2018-03-07 19:02:04 32 0 15 0
 21098 2018-03-08 06:51:22 32 0 15 0
 21098 2018-03-08 06:51:24 32 0 15 0
 21012 2018-03-08 07:04:24 32 0 15 0
 21012 2018-03-08 07:04:26 32 0 15 0
 21012 2018-03-08 07:04:28 32 0 15 0
 21010 2018-03-08 07:04:33 32 0 15 0
 21010 2018-03-08 07:04:35 32 0 15 0
 21010 2018-03-08 07:04:37 32 0 15 0
 21098 2018-03-08 22:03:04 32 0 15 0
 21098 2018-03-08 22:03:06 32 0 15 0
 21098 2018-03-08 22:03:08 32 0 15 0
 21012 2018-03-08 22:05:22 32 0 15 0
 21012 2018-03-08 22:05:24 32 0 15 0
 21012 2018-03-08 22:05:26 32 0 15 0
 21012 2018-03-08 22:05:28 32 0 15 0
 21010 2018-03-08 22:05:36 32 0 15 0
 21010 2018-03-08 22:05:38 32 0 15 0
 21010 2018-03-08 22:05:40 32 0 15 0
 21097 2018-03-09 06:24:08 32 0 15 0
 21097 2018-03-09 06:24:14 32 0 15 0
 21097 2018-03-09 06:24:16 32 0 15 0
 21097 2018-03-09 06:24:18 32 0 15 0
 21097 2018-03-09 06:24:20 32 0 15 0
 2181008 2018-03-09 06:55:34 32 0 15 0
 2181008 2018-03-09 06:55:36 32 0 15 0
 2181008 2018-03-09 06:55:38 32 0 15 0
 21018 2018-03-09 06:55:55 32 0 15 0
 21018 2018-03-09 06:55:57 32 0 15 0
 21018 2018-03-09 06:55:59 32 0 15 0
 21018 2018-03-09 06:56:01 32 0 15 0
 21098 2018-03-09 06:56:45 32 0 15 0
 21098 2018-03-09 06:56:47 32 0 15 0
 21098 2018-03-09 06:56:49 32 0 15 0
 21010 2018-03-09 07:15:14 32 0 15 0
 21010 2018-03-09 07:15:16 32 0 15 0
 21012 2018-03-09 07:15:25 32 0 15 0
 21012 2018-03-09 07:15:27 32 0 15 0
 21012 2018-03-09 07:15:29 32 0 15 0
 21018 2018-03-09 18:03:47 32 0 15 0
 21018 2018-03-09 18:03:51 32 0 15 0
 21018 2018-03-09 18:03:53 32 0 15 0
 2181008 2018-03-09 18:04:00 32 0 15 0
 2181008 2018-03-09 18:04:11 32 0 15 0
 2181008 2018-03-09 18:04:13 32 0 15 0
 21012 2018-03-09 18:04:17 32 0 15 0
 21012 2018-03-09 18:04:20 32 0 15 0
 21012 2018-03-09 18:04:22 32 0 15 0
 21010 2018-03-09 18:04:28 32 0 15 0
 21010 2018-03-09 18:04:30 32 0 15 0
 21010 2018-03-09 18:04:32 32 0 15 0
 21098 2018-03-09 18:30:13 32 0 15 0
 21098 2018-03-09 18:30:15 32 0 15 0
 21098 2018-03-09 18:30:17 32 0 15 0
 21097 2018-03-09 22:02:54 32 0 15 0
 21097 2018-03-09 22:02:59 32 0 15 0
 21097 2018-03-09 22:03:03 32 0 15 0
 21097 2018-03-09 22:03:05 32 0 15 0
 21097 2018-03-10 06:41:59 32 0 15 0
 21097 2018-03-10 06:42:01 32 0 15 0
 21097 2018-03-10 06:42:03 32 0 15 0
 21097 2018-03-10 06:42:05 32 0 15 0
 21097 2018-03-10 06:42:07 32 0 15 0
 21018 2018-03-10 06:55:47 32 0 15 0
 21018 2018-03-10 06:55:50 32 0 15 0
 21018 2018-03-10 06:55:54 32 0 15 0
 21012 2018-03-10 06:57:40 32 0 15 0
 21012 2018-03-10 06:57:42 32 0 15 0
 21012 2018-03-10 06:57:44 32 0 15 0
 2181008 2018-03-10 06:59:20 32 0 15 0
 2181008 2018-03-10 06:59:23 32 0 15 0
 2181008 2018-03-10 06:59:25 32 0 15 0
 21018 2018-03-10 17:02:18 32 0 15 0
 21018 2018-03-10 17:02:20 32 0 15 0
 21018 2018-03-10 17:02:23 32 0 15 0
 21012 2018-03-10 17:04:28 32 0 15 0
 21012 2018-03-10 17:04:30 32 0 15 0
 21012 2018-03-10 17:04:32 32 0 15 0
 21097 2018-03-10 17:06:34 32 0 15 0
 21097 2018-03-10 17:06:36 32 0 15 0
 21097 2018-03-10 17:06:39 32 0 15 0
 21097 2018-03-10 17:06:41 32 0 15 0
 2181008 2018-03-10 17:08:46 32 0 15 0
 2181008 2018-03-10 17:09:26 32 0 15 0
 2181008 2018-03-10 17:09:28 32 0 15 0
 21098 2018-03-12 06:53:46 32 0 15 0
 21098 2018-03-12 06:53:48 32 0 15 0
 21098 2018-03-12 06:53:50 32 0 15 0
 21012 2018-03-12 06:56:58 32 0 15 0
 21012 2018-03-12 06:57:00 32 0 15 0
 21012 2018-03-12 06:57:02 32 0 15 0
 21018 2018-03-12 07:02:35 32 0 15 0
 21018 2018-03-12 07:02:37 32 0 15 0
 21018 2018-03-12 07:02:39 32 0 15 0
 2181008 2018-03-12 07:08:56 32 0 15 0
 2181008 2018-03-12 07:08:58 32 0 15 0
 2181008 2018-03-12 07:09:00 32 0 15 0
 21018 2018-03-12 18:01:52 32 0 15 0
 21018 2018-03-12 18:01:55 32 0 15 0
 21018 2018-03-12 18:01:58 32 0 15 0
 2181008 2018-03-12 18:02:46 32 0 15 0
 2181008 2018-03-12 18:02:48 32 0 15 0
 2181008 2018-03-12 18:02:50 32 0 15 0
 21012 2018-03-12 18:02:58 32 0 15 0
 21012 2018-03-12 18:03:00 32 0 15 0
 21012 2018-03-12 18:03:02 32 0 15 0
 21098 2018-03-13 02:02:05 32 0 15 0
 21098 2018-03-13 02:02:07 32 0 15 0
 21098 2018-03-13 02:02:09 32 0 15 0
 21018 2018-03-13 06:46:26 32 0 15 0
 21018 2018-03-13 06:46:28 32 0 15 0
 21018 2018-03-13 06:46:30 32 0 15 0
 21012 2018-03-13 06:56:52 32 0 15 0
 21012 2018-03-13 06:56:54 32 0 15 0
 21012 2018-03-13 06:56:56 32 0 15 0
 21010 2018-03-13 06:57:06 32 0 15 0
 21010 2018-03-13 06:57:08 32 0 15 0
 21010 2018-03-13 06:57:10 32 0 15 0
 2181008 2018-03-13 07:02:19 32 0 15 0
 2181008 2018-03-13 07:02:21 32 0 15 0
 2181008 2018-03-13 07:02:23 32 0 15 0
 21012 2018-03-13 17:03:15 32 0 15 0
 21012 2018-03-13 17:03:17 32 0 15 0
 21012 2018-03-13 17:03:19 32 0 15 0
 21018 2018-03-13 17:03:27 32 0 15 0
 21018 2018-03-13 17:03:29 32 0 15 0
 21018 2018-03-13 17:03:31 32 0 15 0
 21010 2018-03-13 17:03:51 32 0 15 0
 21010 2018-03-13 17:03:53 32 0 15 0
 21010 2018-03-13 17:03:55 32 0 15 0
 2181008 2018-03-13 17:04:09 32 0 15 0
 2181008 2018-03-13 17:04:11 32 0 15 0
 2181008 2018-03-13 17:04:14 32 0 15 0
 21018 2018-03-14 06:49:23 32 0 15 0
 21018 2018-03-14 06:49:25 32 0 15 0
 21018 2018-03-14 06:49:28 32 0 15 0
 21012 2018-03-14 07:00:55 32 0 15 0
 21012 2018-03-14 07:00:57 32 0 15 0
 21012 2018-03-14 07:00:59 32 0 15 0
 21010 2018-03-14 07:01:03 32 0 15 0
 21010 2018-03-14 07:01:05 32 0 15 0
 21010 2018-03-14 07:01:07 32 0 15 0
 2181008 2018-03-14 07:04:19 32 0 15 0
 2181008 2018-03-14 07:04:22 32 0 15 0
 2181008 2018-03-14 07:04:24 32 0 15 0
 21018 2018-03-14 17:03:40 32 0 15 0
 21018 2018-03-14 17:03:42 32 0 15 0
 21018 2018-03-14 17:03:44 32 0 15 0
 2181008 2018-03-14 17:04:09 32 0 15 0
 2181008 2018-03-14 17:04:11 32 0 15 0
 2181008 2018-03-14 17:04:13 32 0 15 0
 21010 2018-03-14 17:04:54 32 0 15 0
 21010 2018-03-14 17:04:56 32 0 15 0
 21010 2018-03-14 17:04:58 32 0 15 0
 21012 2018-03-14 17:05:25 32 0 15 0
 21012 2018-03-14 17:05:27 32 0 15 0
 21012 2018-03-14 17:05:29 32 0 15 0
 21098 2018-03-15 06:54:34 32 0 15 0
 21098 2018-03-15 06:54:36 32 0 15 0
 21098 2018-03-15 06:54:38 32 0 15 0
 21012 2018-03-15 06:59:35 32 0 15 0
 21012 2018-03-15 06:59:37 32 0 15 0
 21012 2018-03-15 06:59:39 32 0 15 0
 21012 2018-03-15 17:05:47 32 0 15 0
 21012 2018-03-15 17:05:49 32 0 15 0
 21012 2018-03-15 17:05:51 32 0 15 0
 21012 2018-03-15 17:05:53 32 0 15 0
 21098 2018-03-15 22:02:03 32 0 15 0
 21098 2018-03-15 22:02:05 32 0 15 0
 21098 2018-03-15 22:02:07 32 0 15 0
 21098 2018-03-16 06:56:21 32 0 15 0
 21098 2018-03-16 06:56:23 32 0 15 0
 2181008 2018-03-16 06:59:35 32 0 15 0
 2181008 2018-03-16 06:59:37 32 0 15 0
 2181008 2018-03-16 06:59:39 32 0 15 0
 21010 2018-03-16 07:00:29 32 0 15 0
 21010 2018-03-16 07:00:31 32 0 15 0
 21012 2018-03-16 07:00:40 32 0 15 0
 21012 2018-03-16 07:00:42 32 0 15 0
 21012 2018-03-16 07:00:44 32 0 15 0
 21098 2018-03-16 22:01:05 32 0 15 0
 21098 2018-03-16 22:01:07 32 0 15 0
 21098 2018-03-16 22:01:09 32 0 15 0
 2181008 2018-03-16 22:01:24 32 0 15 0
 2181008 2018-03-16 22:01:26 32 0 15 0
 2181008 2018-03-16 22:01:28 32 0 15 0
 21010 2018-03-16 22:01:49 32 0 15 0
 21010 2018-03-16 22:01:51 32 0 15 0
 21010 2018-03-16 22:01:53 32 0 15 0
 21012 2018-03-16 22:02:07 32 0 15 0
 21012 2018-03-16 22:02:09 32 0 15 0
 21012 2018-03-16 22:02:11 32 0 15 0
 21098 2018-03-17 06:41:20 32 0 15 0
 21098 2018-03-17 06:41:22 32 0 15 0
 21098 2018-03-17 06:41:24 32 0 15 0
 21012 2018-03-17 07:00:14 32 0 15 0
 21012 2018-03-17 07:00:16 32 0 15 0
 21012 2018-03-17 07:00:18 32 0 15 0
 21098 2018-03-17 17:06:17 32 0 15 0
 21098 2018-03-17 17:06:19 32 0 15 0
 21098 2018-03-17 17:06:21 32 0 15 0
 21012 2018-03-17 17:07:06 32 0 15 0
 21012 2018-03-17 17:07:09 32 0 15 0
 21012 2018-03-17 17:07:11 32 0 15 0
 21012 2018-03-18 07:03:21 32 0 15 0
 21012 2018-03-18 07:03:23 32 0 15 0
 21012 2018-03-18 07:03:25 32 0 15 0
 21010 2018-03-18 07:03:55 32 0 15 0
 21010 2018-03-18 07:03:57 32 0 15 0
 21010 2018-03-18 16:33:07 32 0 15 0
 21010 2018-03-18 16:33:09 32 0 15 0
 21010 2018-03-18 16:33:13 32 0 15 0
 21012 2018-03-18 16:33:21 32 0 15 0
 21012 2018-03-18 16:33:23 32 0 15 0
 21012 2018-03-18 16:33:25 32 0 15 0
 21098 2018-03-19 06:40:10 32 0 15 0
 21098 2018-03-19 06:40:12 32 0 15 0
 21098 2018-03-19 06:40:14 32 0 15 0
 21018 2018-03-19 06:44:46 32 0 15 0
 21018 2018-03-19 06:44:48 32 0 15 0
 21018 2018-03-19 06:44:50 32 0 15 0
 21012 2018-03-19 06:58:27 32 0 15 0
 21012 2018-03-19 06:58:29 32 0 15 0
 21012 2018-03-19 06:58:31 32 0 15 0
 21011 2018-03-19 07:01:46 32 0 15 0
 21011 2018-03-19 07:01:48 32 0 15 0
 21011 2018-03-19 07:01:50 32 0 15 0
 2181008 2018-03-19 07:02:57 32 0 15 0
 2181008 2018-03-19 07:02:59 32 0 15 0
 2181008 2018-03-19 07:03:03 32 0 15 0
 21010 2018-03-19 07:03:26 32 0 15 0
 21010 2018-03-19 07:03:28 32 0 15 0
 21011 2018-03-19 22:01:05 32 0 15 0
 21011 2018-03-19 22:01:11 32 0 15 0
 21011 2018-03-19 22:01:13 32 0 15 0
 21010 2018-03-19 22:03:02 32 0 15 0
 21010 2018-03-19 22:03:04 32 0 15 0
 21010 2018-03-19 22:03:06 32 0 15 0
 21012 2018-03-19 22:03:13 32 0 15 0
 21012 2018-03-19 22:03:15 32 0 15 0
 21012 2018-03-19 22:03:17 32 0 15 0
 21098 2018-03-19 22:03:21 32 0 15 0
 21098 2018-03-19 22:03:23 32 0 15 0
 21098 2018-03-19 22:03:25 32 0 15 0
 21018 2018-03-19 22:03:30 32 0 15 0
 21018 2018-03-19 22:03:33 32 0 15 0
 21018 2018-03-19 22:03:35 32 0 15 0
 2181008 2018-03-19 22:04:12 32 0 15 0
 2181008 2018-03-19 22:04:14 32 0 15 0
 2181008 2018-03-19 22:04:16 32 0 15 0
 21011 2018-03-20 06:53:39 32 0 15 0
 21011 2018-03-20 06:53:42 32 0 15 0
 21011 2018-03-20 06:53:45 32 0 15 0
 21018 2018-03-20 06:53:59 32 0 15 0
 21018 2018-03-20 06:54:01 32 0 15 0
 21018 2018-03-20 06:54:03 32 0 15 0
 21098 2018-03-20 06:57:24 32 0 15 0
 21098 2018-03-20 06:57:28 32 0 15 0
 21098 2018-03-20 06:57:30 32 0 15 0
 21098 2018-03-20 06:57:32 32 0 15 0
 21012 2018-03-20 07:06:53 32 0 15 0
 21012 2018-03-20 07:06:55 32 0 15 0
 21012 2018-03-20 07:06:57 32 0 15 0
 21010 2018-03-20 07:07:03 32 0 15 0
 21010 2018-03-20 07:07:05 32 0 15 0
 21010 2018-03-20 07:07:07 32 0 15 0
 2181008 2018-03-20 07:07:29 32 0 15 0
 2181008 2018-03-20 07:07:32 32 0 15 0
 2181008 2018-03-20 07:07:34 32 0 15 0
 21011 2018-03-20 18:00:54 32 0 15 0
 21011 2018-03-20 18:00:56 32 0 15 0
 21011 2018-03-20 18:00:58 32 0 15 0
 21098 2018-03-20 22:02:00 32 0 15 0
 21098 2018-03-20 22:02:02 32 0 15 0
 21098 2018-03-20 22:02:04 32 0 15 0
 21010 2018-03-20 22:02:18 32 0 15 0
 21010 2018-03-20 22:02:20 32 0 15 0
 21010 2018-03-20 22:02:22 32 0 15 0
 21012 2018-03-20 22:04:04 32 0 15 0
 21012 2018-03-20 22:04:06 32 0 15 0
 21012 2018-03-20 22:04:08 32 0 15 0
 2181008 2018-03-20 22:04:42 32 0 15 0
 2181008 2018-03-20 22:04:44 32 0 15 0
 2181008 2018-03-20 22:04:46 32 0 15 0
 21018 2018-03-20 22:04:52 32 0 15 0
 21018 2018-03-20 22:04:56 32 0 15 0
 21018 2018-03-20 22:05:01 32 0 15 0
 21018 2018-03-21 06:34:05 32 0 15 0
 21018 2018-03-21 06:34:07 32 0 15 0
 21018 2018-03-21 06:34:09 32 0 15 0
 21012 2018-03-21 06:58:32 32 0 15 0
 21012 2018-03-21 06:58:34 32 0 15 0
 21012 2018-03-21 06:58:36 32 0 15 0
 2181008 2018-03-21 07:03:17 32 0 15 0
 2181008 2018-03-21 07:03:19 32 0 15 0
 2181008 2018-03-21 07:03:21 32 0 15 0
 2181008 2018-03-21 18:06:52 32 0 15 0
 2181008 2018-03-21 18:06:55 32 0 15 0
 21018 2018-03-21 18:07:01 32 0 15 0
 21018 2018-03-21 18:07:03 32 0 15 0
 21018 2018-03-21 18:07:05 32 0 15 0
 21012 2018-03-21 18:07:10 32 0 15 0
 21012 2018-03-21 18:07:13 32 0 15 0
 21012 2018-03-21 18:07:15 32 0 15 0
 2181008 2018-03-22 06:44:18 32 0 15 0
 2181008 2018-03-22 06:44:20 32 0 15 0
 2181008 2018-03-22 06:44:22 32 0 15 0
 21098 2018-03-22 06:49:32 32 0 15 0
 21098 2018-03-22 06:49:34 32 0 15 0
 21098 2018-03-22 06:49:36 32 0 15 0
 21018 2018-03-22 06:53:20 32 0 15 0
 21018 2018-03-22 06:53:23 32 0 15 0
 21018 2018-03-22 06:53:25 32 0 15 0
 21011 2018-03-22 06:56:22 32 0 15 0
 21011 2018-03-22 06:56:25 32 0 15 0
 21011 2018-03-22 06:56:28 32 0 15 0
 21012 2018-03-22 07:02:32 32 0 15 0
 21012 2018-03-22 07:02:34 32 0 15 0
 21012 2018-03-22 07:02:36 32 0 15 0
 21010 2018-03-22 07:02:46 32 0 15 0
 21010 2018-03-22 07:02:48 32 0 15 0
 21011 2018-03-22 17:38:43 32 0 15 0
 21011 2018-03-22 17:38:45 32 0 15 0
 21011 2018-03-22 17:38:47 32 0 15 0
 21018 2018-03-22 18:02:08 32 0 15 0
 21018 2018-03-22 18:02:11 32 0 15 0
 21018 2018-03-22 18:02:16 32 0 15 0
 2181008 2018-03-22 18:02:53 32 0 15 0
 2181008 2018-03-22 18:03:01 32 0 15 0
 21098 2018-03-22 18:03:17 32 0 15 0
 21098 2018-03-22 18:03:24 32 0 15 0
 21012 2018-03-22 18:03:30 32 0 15 0
 21012 2018-03-22 18:03:32 32 0 15 0
 21012 2018-03-22 18:03:34 32 0 15 0
 21010 2018-03-22 18:06:21 32 0 15 0
 21010 2018-03-22 18:06:23 32 0 15 0
 21098 2018-03-23 06:48:50 32 0 15 0
 21098 2018-03-23 06:48:52 32 0 15 0
 21018 2018-03-23 06:53:59 32 0 15 0
 21018 2018-03-23 06:54:01 32 0 15 0
 21018 2018-03-23 06:54:03 32 0 15 0
 21012 2018-03-23 07:00:54 32 0 15 0
 21012 2018-03-23 07:00:56 32 0 15 0
 21012 2018-03-23 07:00:58 32 0 15 0
 21010 2018-03-23 07:01:03 32 0 15 0
 21010 2018-03-23 07:01:05 32 0 15 0
 21010 2018-03-23 07:01:07 32 0 15 0
 2181008 2018-03-23 07:04:16 32 0 15 0
 2181008 2018-03-23 07:04:20 32 0 15 0
 2181008 2018-03-23 07:04:22 32 0 15 0
 21010 2018-03-23 17:04:25 32 1 15 0
 21010 2018-03-23 17:04:32 32 1 15 0
 21010 2018-03-23 17:04:34 32 1 15 0
 21018 2018-03-23 17:04:44 32 1 15 0
 21018 2018-03-23 17:04:46 32 1 15 0
 21018 2018-03-23 17:04:48 32 1 15 0
 2181008 2018-03-23 17:05:01 32 1 15 0
 2181008 2018-03-23 17:05:03 32 1 15 0
 2181008 2018-03-23 17:05:05 32 1 15 0
 21012 2018-03-23 17:06:52 32 0 15 0
 21012 2018-03-23 17:06:55 32 0 15 0
 21012 2018-03-23 17:06:57 32 0 15 0
 21098 2018-03-23 22:03:37 32 0 15 0
 21098 2018-03-23 22:03:39 32 0 15 0
 21098 2018-03-23 22:03:41 32 0 15 0
 21098 2018-03-24 06:43:09 32 0 15 0
 21098 2018-03-24 06:43:12 32 0 15 0
 21098 2018-03-24 06:43:15 32 0 15 0
 21018 2018-03-24 06:46:59 32 0 15 0
 21018 2018-03-24 06:47:01 32 0 15 0
 21018 2018-03-24 06:47:03 32 0 15 0
 21011 2018-03-24 06:50:04 32 0 15 0
 21011 2018-03-24 06:50:06 32 0 15 0
 21011 2018-03-24 06:50:08 32 0 15 0
 21012 2018-03-24 06:57:25 32 0 15 0
 21012 2018-03-24 06:57:27 32 0 15 0
 21012 2018-03-24 06:57:29 32 0 15 0
 2181008 2018-03-24 07:03:38 32 0 15 0
 2181008 2018-03-24 07:03:40 32 0 15 0
 2181008 2018-03-24 07:03:45 32 0 15 0
 21018 2018-03-24 17:04:40 32 0 15 0
 21018 2018-03-24 17:04:45 32 0 15 0
 21018 2018-03-24 17:04:47 32 0 15 0
 21012 2018-03-24 17:07:17 32 0 15 0
 21012 2018-03-24 17:07:19 32 0 15 0
 21012 2018-03-24 17:07:21 32 0 15 0
 2181008 2018-03-24 17:07:33 32 0 15 0
 2181008 2018-03-24 17:07:35 32 0 15 0
 2181008 2018-03-24 17:07:37 32 0 15 0
 21098 2018-03-24 17:08:38 32 0 15 0
 21098 2018-03-24 17:08:40 32 0 15 0
 21098 2018-03-24 17:08:42 32 0 15 0
 21011 2018-03-24 17:40:21 32 0 15 0
 21011 2018-03-24 17:40:23 32 0 15 0
 21011 2018-03-24 17:40:26 32 0 15 0
 21012 2018-03-25 06:51:26 32 0 15 0
 21012 2018-03-25 06:51:28 32 0 15 0
 21012 2018-03-25 06:51:30 32 0 15 0
 2181008 2018-03-25 06:56:16 32 0 15 0
 2181008 2018-03-25 06:56:18 32 0 15 0
 21018 2018-03-25 06:58:27 32 0 15 0
 21018 2018-03-25 06:58:29 32 0 15 0
 21018 2018-03-25 06:58:31 32 0 15 0
 2181008 2018-03-25 16:34:38 32 0 15 0
 2181008 2018-03-25 16:34:48 32 0 15 0
 21012 2018-03-25 16:34:58 32 0 15 0
 21009 2018-03-25 16:35:00 32 0 15 0
 21012 2018-03-25 16:35:02 32 0 15 0
 21018 2018-03-25 16:35:28 32 0 15 0
 21018 2018-03-25 16:35:30 32 0 15 0
 21018 2018-03-25 16:35:32 32 0 15 0
 2181008 2018-03-26 06:40:20 32 0 15 0
 2181008 2018-03-26 06:40:22 32 0 15 0
 2181008 2018-03-26 06:40:25 32 0 15 0
 21018 2018-03-26 06:46:25 32 0 15 0
 21018 2018-03-26 06:46:27 32 0 15 0
 21018 2018-03-26 06:46:29 32 0 15 0
 21011 2018-03-26 06:54:01 32 0 15 0
 21011 2018-03-26 06:54:03 32 0 15 0
 21011 2018-03-26 06:54:05 32 0 15 0
 21098 2018-03-26 06:54:11 32 0 15 0
 21098 2018-03-26 06:54:13 32 0 15 0
 21098 2018-03-26 06:54:15 32 0 15 0
 21010 2018-03-26 06:55:21 32 0 15 0
 21010 2018-03-26 06:55:23 32 0 15 0
 21010 2018-03-26 06:55:25 32 0 15 0
 21012 2018-03-26 06:55:50 32 0 15 0
 21012 2018-03-26 06:55:52 32 0 15 0
 21012 2018-03-26 06:55:55 32 0 15 0
 21018 2018-03-26 22:12:06 32 0 15 0
 21018 2018-03-26 22:12:08 32 0 15 0
 21018 2018-03-26 22:12:11 32 0 15 0
 2181008 2018-03-26 22:12:35 32 0 15 0
 2181008 2018-03-26 22:12:38 32 0 15 0
 2181008 2018-03-26 22:12:40 32 0 15 0
 21010 2018-03-27 03:02:07 32 0 15 0
 21010 2018-03-27 03:02:09 32 0 15 0
 21010 2018-03-27 03:02:12 32 0 15 0
 21012 2018-03-27 03:02:20 32 0 15 0
 21012 2018-03-27 03:02:22 32 0 15 0
 21012 2018-03-27 03:02:24 32 0 15 0
 21011 2018-03-27 07:12:29 32 0 15 0
 21011 2018-03-27 07:12:36 32 0 15 0
 21011 2018-03-27 07:12:40 32 0 15 0
 21098 2018-03-27 09:02:28 32 0 15 0
 21098 2018-03-27 09:02:33 32 0 15 0
 21098 2018-03-27 09:02:35 32 0 15 0
 21098 2018-03-28 06:42:50 32 0 15 0
 21098 2018-03-28 06:42:52 32 0 15 0
 21098 2018-03-28 06:42:54 32 0 15 0
 21018 2018-04-02 06:23:07 32 0 15 0
 21018 2018-04-02 06:23:10 32 0 15 0
 21018 2018-04-02 06:23:13 32 0 15 0
 21098 2018-04-02 06:46:46 32 0 15 0
 21098 2018-04-02 06:46:48 32 0 15 0
 21098 2018-04-02 06:46:50 32 0 15 0
 21012 2018-04-02 06:52:25 32 0 15 0
 21012 2018-04-02 06:52:27 32 0 15 0
 21012 2018-04-02 06:52:29 32 0 15 0
 21015 2018-04-02 06:53:13 32 0 15 0
 21018 2018-04-02 06:57:08 32 0 15 0
 21018 2018-04-02 06:57:12 32 0 15 0
 2181008 2018-04-02 06:57:46 32 0 15 0
 2181008 2018-04-02 06:57:48 32 0 15 0
 2181008 2018-04-02 06:57:50 32 0 15 0
 21098 2018-04-02 17:01:58 32 0 15 0
 21098 2018-04-02 17:02:00 32 0 15 0
 21098 2018-04-02 17:02:02 32 0 15 0
 21012 2018-04-02 17:02:21 32 0 15 0
 21012 2018-04-02 17:02:23 32 0 15 0
 21012 2018-04-02 17:02:25 32 0 15 0
 2181008 2018-04-02 17:04:13 32 0 15 0
 2181008 2018-04-02 17:04:15 32 0 15 0
 21018 2018-04-02 17:04:37 32 0 15 0
 21018 2018-04-02 17:04:39 32 0 15 0
 21018 2018-04-02 17:04:41 32 0 15 0
 21018 2018-04-03 06:44:54 32 0 15 0
 21018 2018-04-03 06:44:56 32 0 15 0
 21018 2018-04-03 06:44:58 32 0 15 0
 21018 2018-04-03 06:45:01 32 0 15 0
 21012 2018-04-03 06:51:50 32 0 15 0
 21012 2018-04-03 06:51:52 32 0 15 0
 21012 2018-04-03 06:51:54 32 0 15 0
 2181008 2018-04-03 07:03:57 32 0 15 0
 2181008 2018-04-03 07:03:59 32 0 15 0
 2181008 2018-04-03 07:04:01 32 0 15 0
 21098 2018-04-03 07:04:16 32 0 15 0
 21098 2018-04-03 07:04:18 32 0 15 0
 21098 2018-04-03 07:04:20 32 0 15 0
 21012 2018-04-03 11:34:11 32 0 15 0
 21012 2018-04-03 11:34:13 32 0 15 0
 21012 2018-04-03 11:34:15 32 0 15 0
 21018 2018-04-03 17:07:57 32 0 15 0
 21018 2018-04-03 17:07:59 32 0 15 0
 21018 2018-04-03 17:08:02 32 0 15 0
 2181008 2018-04-03 17:08:04 32 0 15 0
 2181008 2018-04-03 17:08:06 32 0 15 0
 2181008 2018-04-03 17:08:11 32 0 15 0
 21098 2018-04-03 17:10:05 32 0 15 0
 21098 2018-04-03 17:10:07 32 0 15 0
 21098 2018-04-03 17:10:09 32 0 15 0
 21018 2018-04-04 06:51:32 32 0 15 0
 21018 2018-04-04 06:51:35 32 0 15 0
 21018 2018-04-04 06:51:37 32 0 15 0
 21098 2018-04-04 06:52:23 32 0 15 0
 21098 2018-04-04 06:52:25 32 0 15 0
 21098 2018-04-04 06:52:27 32 0 15 0
 21012 2018-04-04 06:55:41 32 0 15 0
 21012 2018-04-04 06:55:43 32 0 15 0
 21012 2018-04-04 06:55:45 32 0 15 0
 2181008 2018-04-04 07:01:50 32 0 15 0
 2181008 2018-04-04 07:01:52 32 0 15 0
 2181008 2018-04-04 07:01:54 32 0 15 0
 2181008 2018-04-04 22:01:21 32 0 15 0
 2181008 2018-04-04 22:01:30 32 0 15 0
 2181008 2018-04-04 22:01:32 32 0 15 0
 21098 2018-04-04 22:01:40 32 0 15 0
 21098 2018-04-04 22:01:46 32 0 15 0
 21098 2018-04-04 22:01:48 32 0 15 0
 21018 2018-04-04 22:02:01 32 0 15 0
 21018 2018-04-04 22:02:03 32 0 15 0
 21018 2018-04-04 22:02:05 32 0 15 0
 21012 2018-04-04 22:02:17 32 0 15 0
 21012 2018-04-04 22:02:19 32 0 15 0
 21012 2018-04-04 22:02:22 32 0 15 0
 21098 2018-04-05 06:43:55 32 0 15 0
 21098 2018-04-05 06:43:57 32 0 15 0
 21098 2018-04-05 06:43:59 32 0 15 0
 2181008 2018-04-05 06:55:45 32 0 15 0
 2181008 2018-04-05 06:55:47 32 0 15 0
 2181008 2018-04-05 06:55:49 32 0 15 0
 21012 2018-04-05 07:00:03 32 0 15 0
 21012 2018-04-05 07:00:09 32 0 15 0
 21012 2018-04-05 07:00:15 32 0 15 0
 21018 2018-04-05 07:03:53 32 0 15 0
 21018 2018-04-05 07:03:57 32 0 15 0
 21018 2018-04-05 07:03:59 32 0 15 0
 2181008 2018-04-05 17:10:40 32 0 15 0
 2181008 2018-04-05 17:10:55 32 0 15 0
 21012 2018-04-05 17:12:04 32 0 15 0
 21012 2018-04-05 17:12:06 32 0 15 0
 21012 2018-04-05 17:12:08 32 0 15 0
 21012 2018-04-05 17:12:11 32 0 15 0
 21018 2018-04-05 17:12:25 32 0 15 0
 21018 2018-04-05 17:12:36 32 0 15 0
 21018 2018-04-05 17:12:38 32 0 15 0
 21098 2018-04-05 22:01:12 32 0 15 0
 21098 2018-04-05 22:01:14 32 0 15 0
 21098 2018-04-05 22:01:16 32 0 15 0
 21012 2018-04-06 06:34:44 32 0 15 0
 21012 2018-04-06 06:34:46 32 0 15 0
 21012 2018-04-06 06:34:48 32 0 15 0
 21010 2018-04-06 06:34:54 32 0 15 0
 21010 2018-04-06 06:34:56 32 0 15 0
 21010 2018-04-06 06:34:58 32 0 15 0
 21098 2018-04-06 06:45:08 32 0 15 0
 21098 2018-04-06 06:45:10 32 0 15 0
 21098 2018-04-06 06:45:12 32 0 15 0
 21018 2018-04-06 06:45:40 32 0 15 0
 21018 2018-04-06 06:45:42 32 0 15 0
 21018 2018-04-06 06:45:44 32 0 15 0
 2181008 2018-04-06 07:02:56 32 0 15 0
 2181008 2018-04-06 07:02:58 32 0 15 0
 2181008 2018-04-06 07:03:00 32 0 15 0
 2181008 2018-04-06 17:05:57 32 0 15 0
 2181008 2018-04-06 17:06:00 32 0 15 0
 2181008 2018-04-06 17:06:02 32 0 15 0
 21098 2018-04-06 17:06:27 32 0 15 0
 21098 2018-04-06 17:06:30 32 0 15 0
 21098 2018-04-06 17:06:32 32 0 15 0
 21010 2018-04-06 17:07:13 32 0 15 0
 21010 2018-04-06 17:07:15 32 0 15 0
 21010 2018-04-06 17:07:17 32 0 15 0
 21018 2018-04-06 17:07:44 32 0 15 0
 21018 2018-04-06 17:07:48 32 0 15 0
 21018 2018-04-06 17:07:50 32 0 15 0
 21012 2018-04-06 17:08:36 32 0 15 0
 21012 2018-04-06 17:08:39 32 0 15 0
 21012 2018-04-06 17:08:41 32 0 15 0
 21018 2018-04-07 06:37:19 32 0 15 0
 21018 2018-04-07 06:37:21 32 0 15 0
 21018 2018-04-07 06:37:23 32 0 15 0
 21012 2018-04-07 06:52:30 32 0 15 0
 21012 2018-04-07 06:52:33 32 0 15 0
 21012 2018-04-07 06:52:37 32 0 15 0
 21098 2018-04-07 06:53:40 32 0 15 0
 21098 2018-04-07 06:53:42 32 0 15 0
 21098 2018-04-07 06:53:44 32 0 15 0
 21098 2018-04-07 17:02:34 32 0 15 0
 21098 2018-04-07 17:02:36 32 0 15 0
 21098 2018-04-07 17:02:38 32 0 15 0
 21018 2018-04-07 17:02:42 32 0 15 0
 21018 2018-04-07 17:02:44 32 0 15 0
 21018 2018-04-07 17:02:46 32 0 15 0
 21012 2018-04-07 17:05:05 32 0 15 0
 21012 2018-04-07 17:05:07 32 0 15 0
 21012 2018-04-07 17:05:09 32 0 15 0
 21012 2018-04-08 06:46:04 32 0 15 0
 21012 2018-04-08 06:46:06 32 0 15 0
 21012 2018-04-08 06:46:08 32 0 15 0
 21018 2018-04-08 06:56:23 32 0 15 0
 21018 2018-04-08 06:56:25 32 0 15 0
 21018 2018-04-08 06:56:27 32 0 15 0
 21012 2018-04-08 16:32:28 32 0 15 0
 21012 2018-04-08 16:32:32 32 0 15 0
 21012 2018-04-08 16:32:34 32 0 15 0
 21018 2018-04-08 16:32:43 32 0 15 0
 21018 2018-04-08 16:32:45 32 0 15 0
 21018 2018-04-08 16:32:51 32 0 15 0
 21010 2018-04-10 06:52:00 32 0 15 0
 21010 2018-04-10 06:52:02 32 0 15 0
 21010 2018-04-10 06:52:04 32 0 15 0
 21012 2018-04-10 06:52:11 32 0 15 0
 21012 2018-04-10 06:52:13 32 0 15 0
 21012 2018-04-10 06:52:15 32 0 15 0
 21018 2018-04-10 07:00:08 32 0 15 0
 21018 2018-04-10 07:00:11 32 0 15 0
 21018 2018-04-10 07:00:13 32 0 15 0
 21018 2018-04-10 07:00:15 32 0 15 0
 2181008 2018-04-10 07:02:29 32 0 15 0
 2181008 2018-04-10 07:02:31 32 0 15 0
 2181008 2018-04-10 18:02:16 32 0 15 0
 2181008 2018-04-10 18:02:19 32 0 15 0
 2181008 2018-04-10 18:02:21 32 0 15 0
 21012 2018-04-10 18:02:27 32 0 15 0
 21012 2018-04-10 18:02:33 32 0 15 0
 21012 2018-04-10 18:02:36 32 0 15 0
 21010 2018-04-10 18:02:39 32 0 15 0
 21010 2018-04-10 18:02:41 32 0 15 0
 21010 2018-04-10 18:02:43 32 0 15 0
 21018 2018-04-10 18:02:59 32 0 15 0
 21018 2018-04-10 18:03:01 32 0 15 0
 21018 2018-04-10 18:03:03 32 0 15 0
 21010 2018-04-11 06:53:32 32 0 15 0
 21010 2018-04-11 06:53:34 32 0 15 0
 21012 2018-04-11 06:53:39 32 0 15 0
 21012 2018-04-11 06:53:41 32 0 15 0
 21012 2018-04-11 06:53:43 32 0 15 0
 21018 2018-04-11 06:53:47 32 0 15 0
 21018 2018-04-11 06:53:49 32 0 15 0
 21018 2018-04-11 06:53:52 32 0 15 0
 2181008 2018-04-11 06:58:34 32 0 15 0
 2181008 2018-04-11 06:58:38 32 0 15 0
 2181008 2018-04-11 06:58:40 32 0 15 0
 2181008 2018-04-11 17:02:14 32 0 15 0
 2181008 2018-04-11 17:02:17 32 0 15 0
 2181008 2018-04-11 17:02:19 32 0 15 0
 21012 2018-04-11 17:02:24 32 0 15 0
 21012 2018-04-11 17:02:26 32 0 15 0
 21012 2018-04-11 17:02:30 32 0 15 0
 21010 2018-04-11 17:02:33 32 0 15 0
 21010 2018-04-11 17:02:35 32 0 15 0
 21010 2018-04-11 17:02:37 32 0 15 0
 21018 2018-04-11 17:02:47 32 0 15 0
 21018 2018-04-11 17:02:49 32 0 15 0
 21018 2018-04-11 17:02:51 32 0 15 0
 21010 2018-04-12 06:50:35 32 0 15 0
 21010 2018-04-12 06:50:37 32 0 15 0
 21010 2018-04-12 06:50:39 32 0 15 0
 21012 2018-04-12 06:51:38 32 0 15 0
 21012 2018-04-12 06:51:43 32 0 15 0
 21012 2018-04-12 06:51:45 32 0 15 0
 2181008 2018-04-12 07:00:24 32 0 15 0
 2181008 2018-04-12 07:00:26 32 0 15 0
 2181008 2018-04-12 07:00:28 32 0 15 0
 2181008 2018-04-12 17:06:49 32 0 15 0
 2181008 2018-04-12 17:06:51 32 0 15 0
 2181008 2018-04-12 17:06:53 32 0 15 0
 21010 2018-04-12 17:06:58 32 0 15 0
 21010 2018-04-12 17:07:00 32 0 15 0
 21010 2018-04-12 17:07:02 32 0 15 0
 21012 2018-04-12 17:07:28 32 0 15 0
 21012 2018-04-12 17:07:30 32 0 15 0
 21012 2018-04-12 17:07:33 32 0 15 0
 21018 2018-04-13 06:35:38 32 0 15 0
 21018 2018-04-13 06:35:40 32 0 15 0
 21018 2018-04-13 06:35:42 32 0 15 0
 2181008 2018-04-13 06:59:39 32 0 15 0
 2181008 2018-04-13 06:59:41 32 0 15 0
 2181008 2018-04-13 06:59:43 32 0 15 0
 21009 2018-04-13 07:04:08 32 0 15 0
 21012 2018-04-13 07:04:10 32 0 15 0
 21012 2018-04-13 07:04:12 32 0 15 0
 21012 2018-04-13 17:02:09 32 1 15 0
 21012 2018-04-13 17:02:12 32 1 15 0
 21012 2018-04-13 17:02:14 32 1 15 0
 2181008 2018-04-13 17:02:33 32 1 15 0
 2181008 2018-04-13 17:02:35 32 1 15 0
 2181008 2018-04-13 17:02:37 32 1 15 0
 21018 2018-04-13 17:02:44 32 1 15 0
 21018 2018-04-13 17:02:47 32 1 15 0
 21018 2018-04-13 17:02:49 32 1 15 0
 21018 2018-04-14 06:20:55 32 1 15 0
 21018 2018-04-14 06:20:58 32 1 15 0
 21018 2018-04-14 06:21:02 32 1 15 0
 21012 2018-04-14 06:49:59 32 1 15 0
 21012 2018-04-14 06:50:01 32 1 15 0
 21012 2018-04-14 06:50:03 32 1 15 0
 21010 2018-04-14 06:50:06 32 1 15 0
 21010 2018-04-14 06:50:08 32 1 15 0
 21010 2018-04-14 06:50:10 32 1 15 0
 2181008 2018-04-14 07:04:25 32 1 15 0
 2181008 2018-04-14 07:04:27 32 1 15 0
 2181008 2018-04-14 17:02:09 32 1 15 0
 2181008 2018-04-14 17:02:12 32 1 15 0
 2181008 2018-04-14 17:02:14 32 1 15 0
 2181008 2018-04-14 17:02:16 32 1 15 0
 21018 2018-04-14 17:02:25 32 1 15 0
 21018 2018-04-14 17:02:27 32 1 15 0
 21018 2018-04-14 17:02:29 32 1 15 0
 21010 2018-04-14 17:06:11 32 1 15 0
 21010 2018-04-14 17:06:13 32 1 15 0
 21010 2018-04-14 17:06:15 32 1 15 0
 21012 2018-04-14 17:08:33 32 1 15 0
 21012 2018-04-14 17:08:36 32 1 15 0
 21012 2018-04-14 17:08:38 32 1 15 0
 21018 2018-04-16 06:49:17 32 1 15 0
 21018 2018-04-16 06:49:19 32 1 15 0
 21018 2018-04-16 06:49:21 32 1 15 0
 2181008 2018-04-16 06:51:01 32 1 15 0
 2181008 2018-04-16 06:51:03 32 1 15 0
 2181008 2018-04-16 06:51:06 32 1 15 0
 21012 2018-04-16 06:54:41 32 1 15 0
 21012 2018-04-16 06:54:43 32 1 15 0
 21012 2018-04-16 06:54:45 32 1 15 0
 2181008 2018-04-16 11:32:01 32 1 15 0
 2181008 2018-04-16 11:32:08 32 1 15 0
 21018 2018-04-16 17:03:12 32 0 15 0
 21018 2018-04-16 17:03:14 32 0 15 0
 21018 2018-04-16 17:03:20 32 0 15 0
 21012 2018-04-16 17:04:14 32 0 15 0
 21012 2018-04-16 17:04:18 32 0 15 0
 21012 2018-04-16 17:04:20 32 0 15 0
 21018 2018-04-17 06:36:50 32 0 15 0
 21018 2018-04-17 06:36:52 32 0 15 0
 21018 2018-04-17 06:36:54 32 0 15 0
 21010 2018-04-17 06:54:13 32 0 15 0
 21010 2018-04-17 06:54:15 32 0 15 0
 21010 2018-04-17 06:54:17 32 0 15 0
 21012 2018-04-17 06:54:25 32 0 15 0
 21012 2018-04-17 06:54:27 32 0 15 0
 21012 2018-04-17 06:54:29 32 0 15 0
 2181008 2018-04-17 06:59:50 32 0 15 0
 2181008 2018-04-17 06:59:52 32 0 15 0
 21010 2018-04-17 17:01:14 32 0 15 0
 21010 2018-04-17 17:01:16 32 0 15 0
 21010 2018-04-17 17:01:21 32 0 15 0
 21012 2018-04-17 17:01:46 32 0 15 0
 21012 2018-04-17 17:01:48 32 0 15 0
 21012 2018-04-17 17:01:50 32 0 15 0
 21018 2018-04-17 17:01:56 32 0 15 0
 21018 2018-04-17 17:01:59 32 0 15 0
 21018 2018-04-17 17:02:06 32 0 15 0
 2181008 2018-04-17 17:02:20 32 0 15 0
 2181008 2018-04-17 17:02:22 32 0 15 0
 21018 2018-04-18 06:49:29 32 0 15 0
 21018 2018-04-18 06:49:38 32 0 15 0
 21018 2018-04-18 06:49:40 32 0 15 0
 21010 2018-04-18 06:57:34 32 0 15 0
 21010 2018-04-18 06:57:36 32 0 15 0
 21010 2018-04-18 06:57:38 32 0 15 0
 21012 2018-04-18 06:57:42 32 0 15 0
 21012 2018-04-18 06:57:44 32 0 15 0
 21012 2018-04-18 06:57:51 32 0 15 0
 2181008 2018-04-18 07:02:00 32 0 15 0
 2181008 2018-04-18 07:02:02 32 0 15 0
 21010 2018-04-18 17:02:02 32 0 15 0
 21010 2018-04-18 17:02:04 32 0 15 0
 21010 2018-04-18 17:02:06 32 0 15 0
 21018 2018-04-18 17:02:14 32 0 15 0
 21018 2018-04-18 17:02:17 32 0 15 0
 21018 2018-04-18 17:02:30 32 0 15 0
 2181008 2018-04-18 17:02:45 32 0 15 0
 2181008 2018-04-18 17:02:48 32 0 15 0
 21012 2018-04-18 17:03:01 32 0 15 0
 21012 2018-04-18 17:03:03 32 0 15 0
 21012 2018-04-18 17:03:05 32 0 15 0
 21012 2018-04-19 06:55:36 32 0 15 0
 21012 2018-04-19 06:55:38 32 0 15 0
 21012 2018-04-19 06:55:40 32 0 15 0
 21010 2018-04-19 06:55:48 32 0 15 0
 21010 2018-04-19 06:55:50 32 0 15 0
 21010 2018-04-19 06:55:52 32 0 15 0
 21018 2018-04-19 06:56:04 32 0 15 0
 21018 2018-04-19 06:56:09 32 0 15 0
 21018 2018-04-19 06:56:12 32 0 15 0
 2181008 2018-04-19 07:02:34 32 0 15 0
 2181008 2018-04-19 07:02:36 32 0 15 0
 21010 2018-04-19 17:02:02 32 0 15 0
 21010 2018-04-19 17:02:04 32 0 15 0
 21010 2018-04-19 17:02:06 32 0 15 0
 21012 2018-04-19 17:02:13 32 0 15 0
 21012 2018-04-19 17:02:16 32 0 15 0
 21012 2018-04-19 17:02:18 32 0 15 0
 21018 2018-04-19 17:02:28 32 0 15 0
 21018 2018-04-19 17:02:30 32 0 15 0
 21018 2018-04-19 17:02:32 32 0 15 0
 2181008 2018-04-19 17:02:52 32 0 15 0
 2181008 2018-04-19 17:02:55 32 0 15 0
 21012 2018-04-20 06:49:10 32 0 15 0
 21012 2018-04-20 06:49:12 32 0 15 0
 21012 2018-04-20 06:49:14 32 0 15 0
 21018 2018-04-20 06:49:23 32 0 15 0
 21018 2018-04-20 06:49:48 32 0 15 0
 21018 2018-04-20 06:50:00 32 0 15 0
 21018 2018-04-20 06:50:02 32 0 15 0
 2181008 2018-04-20 06:57:29 32 0 15 0
 2181008 2018-04-20 06:57:31 32 0 15 0
 2181008 2018-04-20 06:57:33 32 0 15 0
 2181008 2018-04-20 18:02:43 32 0 15 0
 2181008 2018-04-20 18:02:45 32 0 15 0
 21012 2018-04-20 22:03:22 32 0 15 0
 21012 2018-04-20 22:03:24 32 0 15 0
 21012 2018-04-20 22:03:26 32 0 15 0
 21018 2018-04-20 22:03:44 32 0 15 0
 21018 2018-04-20 22:03:46 32 0 15 0
 21018 2018-04-20 22:03:49 32 0 15 0
 21010 2018-04-21 06:50:56 32 0 15 0
 21010 2018-04-21 06:50:58 32 0 15 0
 21010 2018-04-21 06:51:00 32 0 15 0
 21012 2018-04-21 06:51:03 32 0 15 0
 21012 2018-04-21 06:51:05 32 0 15 0
 21012 2018-04-21 06:51:07 32 0 15 0
 21018 2018-04-21 06:51:15 32 0 15 0
 21018 2018-04-21 06:51:17 32 0 15 0
 21018 2018-04-21 06:51:19 32 0 15 0
 2181008 2018-04-21 07:07:20 32 0 15 0
 2181008 2018-04-21 07:07:22 32 0 15 0
 21018 2018-04-21 17:02:30 32 0 15 0
 21018 2018-04-21 17:02:34 32 0 15 0
 21018 2018-04-21 17:02:36 32 0 15 0
 2181008 2018-04-21 17:04:49 32 0 15 0
 2181008 2018-04-21 17:04:52 32 0 15 0
 2181008 2018-04-21 17:04:55 32 0 15 0
 21012 2018-04-21 17:04:59 32 0 15 0
 21012 2018-04-21 17:05:01 32 0 15 0
 21012 2018-04-21 17:05:03 32 0 15 0
 21010 2018-04-21 17:05:12 32 0 15 0
 21010 2018-04-21 17:05:14 32 0 15 0
 21010 2018-04-21 17:05:16 32 0 15 0
 21018 2018-04-23 06:38:27 32 0 15 0
 21018 2018-04-23 06:38:29 32 0 15 0
 21018 2018-04-23 06:38:31 32 0 15 0
 21018 2018-04-23 22:01:49 32 0 15 0
 21018 2018-04-23 22:01:51 32 0 15 0
 21018 2018-04-23 22:01:53 32 0 15 0
 21012 2018-04-24 06:40:33 32 0 15 0
 21012 2018-04-24 06:40:35 32 0 15 0
 21012 2018-04-24 06:40:37 32 0 15 0
 21010 2018-04-24 06:41:06 32 0 15 0
 21010 2018-04-24 06:41:08 32 0 15 0
 21010 2018-04-24 06:41:10 32 0 15 0
 21018 2018-04-24 06:57:06 32 0 15 0
 21018 2018-04-24 06:57:08 32 0 15 0
 21018 2018-04-24 06:57:13 32 0 15 0
 2181008 2018-04-24 06:59:51 32 0 15 0
 2181008 2018-04-24 06:59:53 32 0 15 0
 21018 2018-04-24 17:02:40 32 0 15 0
 21018 2018-04-24 17:02:42 32 0 15 0
 21018 2018-04-24 17:02:44 32 0 15 0
 21012 2018-04-24 17:03:13 32 0 15 0
 21012 2018-04-24 17:03:15 32 0 15 0
 21012 2018-04-24 17:03:17 32 0 15 0
 2181008 2018-04-24 17:03:27 32 0 15 0
 2181008 2018-04-24 17:03:30 32 0 15 0
 21010 2018-04-24 17:03:52 32 0 15 0
 21010 2018-04-24 17:03:54 32 0 15 0
 21010 2018-04-24 17:03:56 32 0 15 0
 21010 2018-04-25 06:47:47 32 0 15 0
 21010 2018-04-25 06:47:49 32 0 15 0
 21010 2018-04-25 06:47:51 32 0 15 0
 2181008 2018-04-25 07:01:51 32 0 15 0
 2181008 2018-04-25 07:01:53 32 0 15 0
 2181008 2018-04-25 17:02:08 32 0 15 0
 2181008 2018-04-25 17:02:33 32 0 15 0
 21010 2018-04-25 17:02:53 32 0 15 0
 21010 2018-04-25 17:02:55 32 0 15 0
 21010 2018-04-25 17:02:57 32 0 15 0
 21010 2018-04-25 17:02:59 32 0 15 0
 21018 2018-04-26 06:47:49 32 0 15 0
 21018 2018-04-26 06:47:51 32 0 15 0
 21018 2018-04-26 06:47:53 32 0 15 0
 21010 2018-04-26 06:48:39 32 0 15 0
 21010 2018-04-26 06:48:41 32 0 15 0
 21010 2018-04-26 06:48:43 32 0 15 0
 21012 2018-04-26 06:49:29 32 0 15 0
 21012 2018-04-26 06:49:32 32 0 15 0
 21012 2018-04-26 06:49:34 32 0 15 0
 2181008 2018-04-26 07:02:29 32 0 15 0
 2181008 2018-04-26 07:02:31 32 0 15 0
 21012 2018-04-26 11:34:58 32 0 15 0
 21012 2018-04-26 11:35:06 32 0 15 0
 21012 2018-04-26 11:35:11 32 0 15 0
 21010 2018-04-26 11:35:15 32 0 15 0
 21010 2018-04-26 11:35:17 32 0 15 0
 21010 2018-04-26 11:35:19 32 0 15 0
 21018 2018-04-26 11:35:25 32 0 15 0
 21018 2018-04-26 11:35:29 32 0 15 0
 21018 2018-04-26 11:35:34 32 0 15 0
 2181008 2018-04-26 11:35:40 32 0 15 0
 2181008 2018-04-26 11:35:43 32 0 15 0
 21012 2018-04-27 06:39:49 32 0 15 0
 21012 2018-04-27 06:39:51 32 0 15 0
 21012 2018-04-27 06:39:53 32 0 15 0
 21018 2018-04-28 06:26:07 32 0 15 0
 21018 2018-04-28 06:26:09 32 0 15 0
 21018 2018-04-28 06:26:11 32 0 15 0
 21012 2018-04-28 06:33:37 32 0 15 0
 21012 2018-04-28 06:33:39 32 0 15 0
 21012 2018-04-28 06:33:41 32 0 15 0
 21010 2018-04-28 06:33:53 32 0 15 0
 21010 2018-04-28 06:33:55 32 0 15 0
 21010 2018-04-28 06:33:57 32 0 15 0
 2181008 2018-04-28 06:57:47 32 0 15 0
 2181008 2018-04-28 06:57:49 32 0 15 0
 21018 2018-04-28 17:04:19 32 0 15 0
 21018 2018-04-28 17:04:22 32 0 15 0
 21018 2018-04-28 17:04:27 32 0 15 0
 21010 2018-04-28 17:04:39 32 0 15 0
 21010 2018-04-28 17:04:41 32 0 15 0
 21010 2018-04-28 17:04:43 32 0 15 0
 21012 2018-04-28 17:04:49 32 0 15 0
 21012 2018-04-28 17:04:51 32 0 15 0
 21012 2018-04-28 17:04:53 32 0 15 0
 2181008 2018-04-28 17:05:12 32 0 15 0
 2181008 2018-04-28 17:05:14 32 0 15 0
 2181008 2018-04-29 07:02:54 32 0 15 0
 2181008 2018-04-29 07:02:56 32 0 15 0
 2181008 2018-04-29 16:31:43 32 0 15 0
 2181008 2018-04-29 16:31:45 32 0 15 0
 21010 2018-04-30 06:49:13 32 0 15 0
 21010 2018-04-30 06:49:15 32 0 15 0
 21010 2018-04-30 06:49:17 32 0 15 0
 21012 2018-04-30 06:49:47 32 0 15 0
 21012 2018-04-30 06:49:49 32 0 15 0
 21012 2018-04-30 06:49:51 32 0 15 0
 2181008 2018-04-30 06:57:46 32 0 15 0
 2181008 2018-04-30 06:57:52 32 0 15 0
 2181008 2018-04-30 06:57:58 32 0 15 0
 2181008 2018-04-30 17:01:28 32 0 15 0
 2181008 2018-04-30 17:01:34 32 0 15 0
 21012 2018-04-30 17:01:39 32 0 15 0
 21012 2018-04-30 17:01:41 32 0 15 0
 21012 2018-04-30 17:01:43 32 0 15 0
 21010 2018-04-30 17:02:10 32 0 15 0
 21010 2018-04-30 17:02:12 32 0 15 0
 21010 2018-04-30 17:02:14 32 0 15 0
 21012 2018-05-02 06:47:30 32 0 15 0
 21012 2018-05-02 06:47:32 32 0 15 0
 21012 2018-05-02 06:47:34 32 0 15 0
 21010 2018-05-02 06:47:40 32 0 15 0
 21010 2018-05-02 06:47:42 32 0 15 0
 21010 2018-05-02 06:47:44 32 0 15 0
 2181008 2018-05-02 07:00:17 32 0 15 0
 2181008 2018-05-02 07:00:19 32 0 15 0
 21012 2018-05-02 17:01:36 32 0 15 0
 21012 2018-05-02 17:01:38 32 0 15 0
 21012 2018-05-02 17:01:40 32 0 15 0
 2181008 2018-05-02 18:01:17 32 0 15 0
 2181008 2018-05-02 18:01:22 32 0 15 0
 21010 2018-05-02 22:03:48 32 1 15 0
 21010 2018-05-02 22:03:50 32 1 15 0
 21010 2018-05-02 22:03:52 32 1 15 0
 21010 2018-05-03 06:48:19 32 0 15 0
 21010 2018-05-03 06:48:21 32 0 15 0
 21010 2018-05-03 06:48:23 32 0 15 0
 21012 2018-05-03 06:48:32 32 0 15 0
 21012 2018-05-03 06:48:34 32 0 15 0
 21012 2018-05-03 06:48:37 32 0 15 0
 21018 2018-05-03 06:49:53 32 0 15 0
 21018 2018-05-03 06:49:56 32 0 15 0
 21018 2018-05-03 06:49:58 32 0 15 0
 2181008 2018-05-03 06:55:13 32 0 15 0
 2181008 2018-05-03 06:55:15 32 0 15 0
 21011 2018-05-03 06:58:04 32 0 15 0
 21011 2018-05-03 06:58:06 32 0 15 0
 21011 2018-05-03 06:58:08 32 0 15 0
 21011 2018-05-03 16:57:41 32 0 15 0
 21011 2018-05-03 16:57:47 32 0 15 0
 21011 2018-05-03 16:57:49 32 0 15 0
 2181008 2018-05-03 17:01:38 32 0 15 0
 2181008 2018-05-03 17:01:40 32 0 15 0
 21018 2018-05-03 17:01:48 32 0 15 0
 21018 2018-05-03 17:01:51 32 0 15 0
 21018 2018-05-03 17:01:56 32 0 15 0
 21010 2018-05-03 17:02:02 32 0 15 0
 21010 2018-05-03 17:02:04 32 0 15 0
 21010 2018-05-03 17:02:06 32 0 15 0
 21010 2018-05-03 17:02:08 32 0 15 0
 21012 2018-05-03 17:02:12 32 0 15 0
 21012 2018-05-03 17:02:14 32 0 15 0
 21012 2018-05-03 17:02:16 32 0 15 0
 21018 2018-05-04 07:00:07 32 0 15 0
 21018 2018-05-04 07:00:09 32 0 15 0
 21018 2018-05-04 07:00:11 32 0 15 0
 21012 2018-05-04 07:00:17 32 0 15 0
 21012 2018-05-04 07:00:19 32 0 15 0
 21012 2018-05-04 07:00:21 32 0 15 0
 21018 2018-05-04 17:01:43 32 0 15 0
 21018 2018-05-04 17:01:45 32 0 15 0
 21018 2018-05-04 17:01:48 32 0 15 0
 21012 2018-05-04 17:02:29 32 0 15 0
 21012 2018-05-04 17:02:31 32 0 15 0
 21012 2018-05-04 17:02:34 32 0 15 0
 21011 2018-05-05 06:49:22 32 0 15 0
 21011 2018-05-05 06:49:28 32 0 15 0
 21011 2018-05-05 06:49:30 32 0 15 0
 2181008 2018-05-05 06:55:01 32 0 15 0
 2181008 2018-05-05 06:55:03 32 0 15 0
 2181008 2018-05-05 06:55:05 32 0 15 0
 21012 2018-05-05 06:56:33 32 0 15 0
 21012 2018-05-05 06:56:35 32 0 15 0
 21012 2018-05-05 06:56:37 32 0 15 0
 21010 2018-05-05 06:56:42 32 0 15 0
 21010 2018-05-05 06:56:44 32 0 15 0
 21010 2018-05-05 06:56:46 32 0 15 0
 21010 2018-05-05 11:30:18 32 0 15 0
 21010 2018-05-05 11:30:20 32 0 15 0
 21012 2018-05-05 11:30:28 32 0 15 0
 21012 2018-05-05 11:30:31 32 0 15 0
 2181008 2018-05-05 17:02:36 32 0 15 0
 2181008 2018-05-05 17:02:38 32 0 15 0
 2181008 2018-05-05 17:02:40 32 0 15 0
 21018 2018-05-07 06:39:49 32 0 15 0
 21018 2018-05-07 06:39:51 32 0 15 0
 21018 2018-05-07 06:39:53 32 0 15 0
 21010 2018-05-07 06:42:25 32 0 15 0
 21010 2018-05-07 06:42:27 32 0 15 0
 21010 2018-05-07 06:42:29 32 0 15 0
 21012 2018-05-07 06:44:31 32 0 15 0
 21012 2018-05-07 06:44:33 32 0 15 0
 21012 2018-05-07 06:44:35 32 0 15 0
 21011 2018-05-07 06:46:45 32 0 15 0
 21011 2018-05-07 06:46:47 32 0 15 0
 21011 2018-05-07 06:46:49 32 0 15 0
 2181008 2018-05-07 06:55:49 32 0 15 0
 2181008 2018-05-07 06:55:51 32 0 15 0
 21009 2018-05-07 17:02:02 32 0 15 0
 21012 2018-05-07 17:02:05 32 0 15 0
 21012 2018-05-07 17:02:07 32 0 15 0
 21010 2018-05-07 17:02:48 32 0 15 0
 21010 2018-05-07 17:02:50 32 0 15 0
 21010 2018-05-07 17:02:52 32 0 15 0
 21018 2018-05-07 17:03:21 32 0 15 0
 21018 2018-05-07 17:03:24 32 0 15 0
 21018 2018-05-07 17:03:27 32 0 15 0
 2181008 2018-05-07 17:04:19 32 0 15 0
 2181008 2018-05-07 17:04:33 32 0 15 0
 21011 2018-05-07 18:00:09 32 0 15 0
 21011 2018-05-07 18:00:16 32 0 15 0
 21011 2018-05-07 18:00:21 32 0 15 0
 21010 2018-05-08 06:41:26 32 0 15 0
 21010 2018-05-08 06:41:28 32 0 15 0
 21010 2018-05-08 06:41:30 32 0 15 0
 21011 2018-05-08 06:55:08 32 0 15 0
 21011 2018-05-08 06:55:10 32 0 15 0
 21011 2018-05-08 06:55:12 32 0 15 0
 21018 2018-05-08 06:55:37 32 0 15 0
 21018 2018-05-08 06:55:39 32 0 15 0
 21018 2018-05-08 06:55:41 32 0 15 0
 2181008 2018-05-08 06:58:58 32 0 15 0
 2181008 2018-05-08 06:59:00 32 0 15 0
 21018 2018-05-08 17:01:25 32 0 15 0
 21018 2018-05-08 17:01:29 32 0 15 0
 21018 2018-05-08 17:01:33 32 0 15 0
 21010 2018-05-08 17:02:29 32 0 15 0
 21010 2018-05-08 17:02:31 32 0 15 0
 21010 2018-05-08 17:02:33 32 0 15 0
 21010 2018-05-08 17:02:35 32 0 15 0
 2181008 2018-05-08 17:03:10 32 0 15 0
 2181008 2018-05-08 17:03:19 32 0 15 0
 21011 2018-05-08 17:08:32 32 0 15 0
 21011 2018-05-08 17:09:39 32 0 15 0
 21011 2018-05-08 17:09:41 32 0 15 0
 21011 2018-05-08 17:09:43 32 0 15 0
 21010 2018-05-09 06:45:59 32 0 15 0
 21010 2018-05-09 06:46:01 32 0 15 0
 21010 2018-05-09 06:46:03 32 0 15 0
 21012 2018-05-09 06:47:28 32 0 15 0
 21012 2018-05-09 06:47:30 32 0 15 0
 21012 2018-05-09 06:47:32 32 0 15 0
 21011 2018-05-09 06:48:58 32 0 15 0
 21011 2018-05-09 06:49:00 32 0 15 0
 21011 2018-05-09 06:49:02 32 0 15 0
 2181008 2018-05-09 06:58:38 32 0 15 0
 2181008 2018-05-09 06:58:40 32 0 15 0
 21012 2018-05-09 17:02:04 32 0 15 0
 21012 2018-05-09 17:02:06 32 0 15 0
 21012 2018-05-09 17:02:08 32 0 15 0
 2181008 2018-05-09 17:02:25 32 0 15 0
 2181008 2018-05-09 17:02:27 32 0 15 0
 21010 2018-05-09 17:03:20 32 0 15 0
 21010 2018-05-09 17:03:22 32 0 15 0
 21010 2018-05-09 17:03:24 32 0 15 0
 21011 2018-05-09 18:00:05 32 0 15 0
 21011 2018-05-09 18:00:07 32 0 15 0
 21011 2018-05-09 18:00:10 32 0 15 0
 21018 2018-05-10 06:35:11 32 0 15 0
 21018 2018-05-10 06:35:13 32 0 15 0
 21018 2018-05-10 06:35:15 32 0 15 0
 21010 2018-05-10 06:47:25 32 0 15 0
 21010 2018-05-10 06:47:27 32 0 15 0
 21010 2018-05-10 06:47:29 32 0 15 0
 21012 2018-05-10 06:47:40 32 0 15 0
 21012 2018-05-10 06:47:42 32 0 15 0
 21012 2018-05-10 06:47:44 32 0 15 0
