 1088 2018-05-08 17:29:56 3 0 15 0
 1088 2018-05-08 17:31:44 3 0 15 0
 1088 2018-05-09 06:29:50 3 0 15 0
 1088 2018-05-09 06:29:53 3 0 15 0
 21027 2018-05-09 06:30:04 3 0 15 0
 21027 2018-05-09 06:30:06 3 0 15 0
 21159 2018-05-09 06:30:22 3 0 15 0
 21159 2018-05-09 06:30:23 3 0 15 0
 21142 2018-05-09 06:30:30 3 0 15 0
 21088 2018-05-09 06:30:39 3 0 15 0
 21088 2018-05-09 06:30:41 3 0 15 0
 57100 2018-05-09 06:30:51 3 0 15 0
 21148 2018-05-09 06:30:59 3 0 15 0
 21140 2018-05-09 06:31:04 3 0 15 0
 55278 2018-05-09 06:31:09 3 0 15 0
 5504 2018-05-09 06:32:12 3 0 15 0
 5504 2018-05-09 06:32:14 3 0 15 0
 4478 2018-05-09 06:33:53 3 0 15 0
 4478 2018-05-09 06:33:59 3 0 15 0
 4335 2018-05-09 06:34:16 3 0 15 0
 4335 2018-05-09 06:34:18 3 0 15 0
 21131 2018-05-09 06:35:34 3 0 15 0
 21131 2018-05-09 06:35:38 3 0 15 0
 4409 2018-05-09 06:40:36 3 0 15 0
 4409 2018-05-09 06:40:39 3 0 15 0
 1084 2018-05-09 06:45:45 3 0 15 0
 1084 2018-05-09 06:45:50 3 0 15 0
 1084 2018-05-09 17:03:16 3 0 15 0
 21140 2018-05-09 17:03:25 3 0 15 0
 21159 2018-05-09 17:03:36 3 0 15 0
 21159 2018-05-09 17:03:38 3 0 15 0
 21131 2018-05-09 17:04:18 3 0 15 0
 21131 2018-05-09 17:04:20 3 0 15 0
 21148 2018-05-09 17:04:24 3 0 15 0
 21148 2018-05-09 17:04:26 3 0 15 0
 4335 2018-05-09 17:04:31 3 0 15 0
 4335 2018-05-09 17:04:36 3 0 15 0
 21142 2018-05-09 17:04:46 3 0 15 0
 21142 2018-05-09 17:04:55 3 0 15 0
 21088 2018-05-09 17:05:02 3 0 15 0
 21088 2018-05-09 17:05:05 3 0 15 0
 21027 2018-05-09 17:05:36 3 0 15 0
 21027 2018-05-09 17:05:38 3 0 15 0
 4478 2018-05-09 17:06:48 3 0 15 0
 4478 2018-05-09 17:06:50 3 0 15 0
 5504 2018-05-09 17:07:29 3 0 15 0
 5504 2018-05-09 17:07:31 3 0 15 0
 55278 2018-05-09 17:07:42 3 0 15 0
 55278 2018-05-09 17:07:44 3 0 15 0
 57100 2018-05-09 17:09:29 3 0 15 0
 57100 2018-05-09 17:09:31 3 0 15 0
 4409 2018-05-09 17:09:40 3 0 15 0
 4409 2018-05-09 17:09:42 3 0 15 0
 55278 2018-05-10 06:33:24 3 0 15 0
 55278 2018-05-10 06:33:27 3 0 15 0
 21088 2018-05-10 06:33:32 3 0 15 0
 21088 2018-05-10 06:33:34 3 0 15 0
 5504 2018-05-10 06:33:38 3 0 15 0
 5504 2018-05-10 06:33:40 3 0 15 0
 21142 2018-05-10 06:33:51 3 0 15 0
 21142 2018-05-10 06:33:53 3 0 15 0
 21159 2018-05-10 06:33:58 3 0 15 0
 21159 2018-05-10 06:34:00 3 0 15 0
 4409 2018-05-10 06:34:09 3 0 15 0
 4409 2018-05-10 06:34:13 3 0 15 0
 57100 2018-05-10 06:34:27 3 0 15 0
 57100 2018-05-10 06:34:30 3 0 15 0
 4478 2018-05-10 06:34:39 3 0 15 0
 4478 2018-05-10 06:34:42 3 0 15 0
 21148 2018-05-10 06:35:04 3 0 15 0
 21148 2018-05-10 06:35:07 3 0 15 0
 21140 2018-05-10 06:35:50 3 0 15 0
 21140 2018-05-10 06:35:53 3 0 15 0
 21131 2018-05-10 06:36:24 3 0 15 0
 21131 2018-05-10 06:36:26 3 0 15 0
 4335 2018-05-10 06:36:50 3 0 15 0
 4335 2018-05-10 06:36:52 3 0 15 0
 1084 2018-05-10 06:44:41 3 0 15 0
 1084 2018-05-10 06:44:43 3 0 15 0
 21027 2018-05-10 06:46:47 3 0 15 0
 21027 2018-05-10 06:46:49 3 0 15 0
 21027 2018-05-10 06:46:51 3 0 15 0
 1088 2018-05-10 10:27:00 3 0 15 0
 1088 2018-05-10 10:27:02 3 0 15 0
 1088 2018-05-10 10:27:17 3 0 15 0
 1088 2018-05-10 10:27:19 3 0 15 0
 1088 2018-05-10 16:47:41 3 0 15 0
 1088 2018-05-10 16:47:43 3 0 15 0
 1088 2018-05-10 16:47:45 3 0 15 0
 1088 2018-05-10 16:47:47 3 0 15 0
 4335 2018-05-10 16:48:05 3 0 15 0
 4335 2018-05-10 16:48:07 3 0 15 0
 21088 2018-05-10 16:48:18 3 0 15 0
 21088 2018-05-10 16:48:20 3 0 15 0
 21142 2018-05-10 16:48:33 3 0 15 0
 21142 2018-05-10 16:48:35 3 0 15 0
 21140 2018-05-10 16:48:38 3 0 15 0
 21140 2018-05-10 16:48:41 3 0 15 0
 55278 2018-05-10 16:48:58 3 0 15 0
 55278 2018-05-10 16:49:00 3 0 15 0
 1084 2018-05-10 16:49:08 3 0 15 0
 4409 2018-05-10 16:49:13 3 0 15 0
 4409 2018-05-10 16:49:18 3 0 15 0
 21159 2018-05-10 16:49:47 3 0 15 0
 21159 2018-05-10 16:49:50 3 0 15 0
 5504 2018-05-10 16:49:55 3 0 15 0
 5504 2018-05-10 16:49:58 3 0 15 0
 21148 2018-05-10 16:50:02 3 0 15 0
 21148 2018-05-10 16:50:04 3 0 15 0
 4478 2018-05-10 16:50:17 3 0 15 0
 4478 2018-05-10 16:50:19 3 0 15 0
 4478 2018-05-10 16:50:21 3 0 15 0
 21131 2018-05-10 16:50:34 3 0 15 0
 21131 2018-05-10 16:50:36 3 0 15 0
 57100 2018-05-10 16:54:15 3 0 15 0
 57100 2018-05-10 16:54:17 3 0 15 0
 4478 2018-05-10 16:54:38 3 0 15 0
 4478 2018-05-10 16:54:40 3 0 15 0
 21027 2018-05-10 17:19:16 3 0 15 0
 21027 2018-05-10 17:19:18 3 0 15 0
 4335 2018-05-10 18:18:32 3 0 15 0
 4335 2018-05-10 18:18:36 3 0 15 0
 21027 2018-05-11 07:11:07 3 0 15 0
 21027 2018-05-11 07:11:09 3 0 15 0
 4478 2018-05-11 07:11:40 3 0 15 0
 4478 2018-05-11 07:11:42 3 0 15 0
 57100 2018-05-11 07:11:51 3 0 15 0
 57100 2018-05-11 07:11:53 3 0 15 0
 21159 2018-05-11 07:12:00 3 0 15 0
 21159 2018-05-11 07:12:03 3 0 15 0
 21140 2018-05-11 07:12:15 3 0 15 0
 21140 2018-05-11 07:12:17 3 0 15 0
 21140 2018-05-11 07:12:19 3 0 15 0
 21148 2018-05-11 07:12:24 3 0 15 0
 21148 2018-05-11 07:12:29 3 0 15 0
 21142 2018-05-11 07:12:39 3 0 15 0
 21142 2018-05-11 07:12:41 3 0 15 0
 21088 2018-05-11 07:12:58 3 0 15 0
 21088 2018-05-11 07:13:00 3 0 15 0
 4335 2018-05-11 07:13:12 3 0 15 0
 4335 2018-05-11 07:13:14 3 0 15 0
 55278 2018-05-11 07:13:31 3 0 15 0
 55278 2018-05-11 07:13:33 3 0 15 0
 21131 2018-05-11 07:13:47 3 0 15 0
 21131 2018-05-11 07:13:49 3 0 15 0
 1084 2018-05-11 07:13:56 3 0 15 0
 5504 2018-05-11 07:14:18 3 0 15 0
 5504 2018-05-11 07:14:26 3 0 15 0
 5504 2018-05-11 07:14:28 3 0 15 0
 1088 2018-05-11 07:16:26 3 0 15 0
 1088 2018-05-11 07:16:34 3 0 15 0
 21148 2018-05-11 12:37:36 3 0 15 0
 21148 2018-05-11 12:37:38 3 0 15 0
 4335 2018-05-11 17:00:35 3 0 15 0
 4335 2018-05-11 17:00:40 3 0 15 0
 21088 2018-05-11 17:01:07 3 0 15 0
 21088 2018-05-11 17:01:09 3 0 15 0
 5504 2018-05-11 17:01:18 3 0 15 0
 5504 2018-05-11 17:01:20 3 0 15 0
 57100 2018-05-11 17:02:15 3 0 15 0
 57100 2018-05-11 17:02:17 3 0 15 0
 4478 2018-05-11 17:02:26 3 0 15 0
 4478 2018-05-11 17:02:28 3 0 15 0
 55278 2018-05-11 17:02:32 3 0 15 0
 55278 2018-05-11 17:02:34 3 0 15 0
 21027 2018-05-11 17:02:42 3 0 15 0
 21027 2018-05-11 17:02:44 3 0 15 0
 21159 2018-05-11 17:02:48 3 0 15 0
 21159 2018-05-11 17:02:50 3 0 15 0
 21140 2018-05-11 17:02:54 3 0 15 0
 21140 2018-05-11 17:02:56 3 0 15 0
 21142 2018-05-11 17:03:05 3 0 15 0
 21142 2018-05-11 17:03:08 3 0 15 0
 21131 2018-05-11 17:03:33 3 0 15 0
 21131 2018-05-11 17:03:37 3 0 15 0
 1084 2018-05-11 17:18:27 3 0 15 0
 1088 2018-05-11 18:56:50 3 0 15 0
 1088 2018-05-11 18:56:52 3 0 15 0
 1088 2018-05-12 07:02:18 3 0 15 0
 21027 2018-05-12 07:02:23 3 0 15 0
 21140 2018-05-12 07:02:29 3 0 15 0
 21142 2018-05-12 07:02:40 3 0 15 0
 21159 2018-05-12 07:02:45 3 0 15 0
 21131 2018-05-12 07:04:34 3 0 15 0
 21131 2018-05-12 07:04:37 3 0 15 0
 21088 2018-05-12 07:06:36 3 0 15 0
 57100 2018-05-12 07:06:47 3 0 15 0
 57100 2018-05-12 07:06:49 3 0 15 0
 1084 2018-05-12 07:06:55 3 0 15 0
 4478 2018-05-12 07:07:09 3 0 15 0
 4478 2018-05-12 07:07:11 3 0 15 0
 55278 2018-05-12 07:07:19 3 0 15 0
 55278 2018-05-12 07:07:21 3 0 15 0
 5504 2018-05-12 07:07:25 3 0 15 0
 5504 2018-05-12 07:07:27 3 0 15 0
 4335 2018-05-12 07:07:57 3 0 15 0
 4335 2018-05-12 07:07:59 3 0 15 0
 57100 2018-05-12 16:58:37 3 0 15 0
 57100 2018-05-12 16:58:39 3 0 15 0
 21140 2018-05-12 16:58:48 3 0 15 0
 21140 2018-05-12 16:58:52 3 0 15 0
 21142 2018-05-12 16:58:58 3 0 15 0
 21142 2018-05-12 16:59:01 3 0 15 0
 21159 2018-05-12 16:59:05 3 0 15 0
 21159 2018-05-12 16:59:07 3 0 15 0
 5504 2018-05-12 16:59:12 3 0 15 0
 5504 2018-05-12 16:59:14 3 0 15 0
 21131 2018-05-12 16:59:41 3 0 15 0
 21131 2018-05-12 16:59:45 3 0 15 0
 21088 2018-05-12 17:00:14 3 0 15 0
 1084 2018-05-12 17:01:39 3 0 15 0
 4335 2018-05-12 17:02:52 3 0 15 0
 4335 2018-05-12 17:02:54 3 0 15 0
 55278 2018-05-12 17:03:02 3 0 15 0
 55278 2018-05-12 17:03:05 3 0 15 0
 4478 2018-05-12 17:03:32 3 0 15 0
 4478 2018-05-12 17:03:39 3 0 15 0
 1088 2018-05-12 18:05:00 3 0 15 0
 21027 2018-05-15 07:00:24 3 0 15 0
 21140 2018-05-15 07:00:48 3 0 15 0
 21142 2018-05-15 07:01:17 3 0 15 0
 4478 2018-05-15 07:04:06 3 0 15 0
 4478 2018-05-15 07:04:08 3 0 15 0
 5504 2018-05-15 07:05:24 3 0 15 0
 55278 2018-05-15 07:05:35 3 0 15 0
 55278 2018-05-15 07:05:37 3 0 15 0
 1088 2018-05-15 07:12:17 3 0 15 0
 1084 2018-05-15 07:18:53 3 0 15 0
 21027 2018-05-15 17:01:06 3 0 15 0
 21027 2018-05-15 17:01:09 3 0 15 0
 5504 2018-05-15 17:03:42 3 0 15 0
 5504 2018-05-15 17:03:44 3 0 15 0
 21142 2018-05-15 17:03:58 3 0 15 0
 21140 2018-05-15 17:04:10 3 0 15 0
 55278 2018-05-15 17:06:51 3 0 15 0
 55278 2018-05-15 17:06:53 3 0 15 0
 4478 2018-05-15 17:08:33 3 0 15 0
 4478 2018-05-15 17:08:35 3 0 15 0
 4478 2018-05-15 17:08:38 3 0 15 0
 1084 2018-05-15 17:15:36 3 0 15 0
 5504 2018-05-16 07:13:35 3 0 15 0
 55278 2018-05-16 07:13:40 3 0 15 0
 55278 2018-05-16 07:13:44 3 0 15 0
 21027 2018-05-16 07:13:49 3 0 15 0
 21027 2018-05-16 07:13:52 3 0 15 0
 21140 2018-05-16 07:13:57 3 0 15 0
 21140 2018-05-16 07:13:59 3 0 15 0
 21142 2018-05-16 07:14:08 3 0 15 0
 21142 2018-05-16 07:14:10 3 0 15 0
 4478 2018-05-16 07:15:23 3 0 15 0
 4478 2018-05-16 07:15:25 3 0 15 0
 1084 2018-05-16 07:15:45 3 0 15 0
 1088 2018-05-16 07:18:19 3 0 15 0
 1088 2018-05-16 07:18:21 3 0 15 0
 1088 2018-05-16 17:07:28 3 0 15 0
 1088 2018-05-16 17:07:30 3 0 15 0
 21027 2018-05-16 17:07:56 3 0 15 0
 21027 2018-05-16 17:07:58 3 0 15 0
 5504 2018-05-16 17:08:15 3 0 15 0
 5504 2018-05-16 17:08:20 3 0 15 0
 55278 2018-05-16 17:08:31 3 0 15 0
 55278 2018-05-16 17:08:37 3 0 15 0
 21142 2018-05-16 17:09:05 3 0 15 0
 21140 2018-05-16 17:09:29 3 0 15 0
 4478 2018-05-16 17:11:47 3 0 15 0
 4478 2018-05-16 17:11:49 3 0 15 0
 1084 2018-05-16 17:11:57 3 0 15 0
 4478 2018-05-17 06:55:04 3 0 15 0
 4478 2018-05-17 06:55:09 3 0 15 0
 5504 2018-05-17 06:58:23 3 0 15 0
 5504 2018-05-17 06:58:30 3 0 15 0
 21088 2018-05-17 06:58:47 3 0 15 0
 21088 2018-05-17 06:58:49 3 0 15 0
 21140 2018-05-17 06:58:55 3 0 15 0
 21140 2018-05-17 06:58:57 3 0 15 0
 21159 2018-05-17 06:59:06 3 0 15 0
 21159 2018-05-17 06:59:08 3 0 15 0
 21027 2018-05-17 06:59:17 3 0 15 0
 21027 2018-05-17 06:59:19 3 0 15 0
 21142 2018-05-17 06:59:28 3 0 15 0
 21142 2018-05-17 06:59:30 3 0 15 0
 55278 2018-05-17 07:00:43 3 0 15 0
 55278 2018-05-17 07:00:45 3 0 15 0
 4612 2018-05-17 07:00:45 3 0 15 0
 21059 2018-05-17 07:00:45 3 0 15 0
 21129 2018-05-17 07:00:45 3 0 15 0
 1084 2018-05-17 07:04:34 3 0 15 0
 1088 2018-05-17 08:54:27 3 0 15 0
 1088 2018-05-17 08:54:29 3 0 15 0
